.0000012
.0000011
.0000002
.0000005
.0000006
.0000011
.0000010
.0000004
.0000004
.0000006
.0000012
.0000009
.0000011
.0000012
.0000004
.0000005
.0000016
.0000006
.0000016
.0000009
.0000019
.0000006
.0000007
.0000006
.0000010
.0000007
.0000007
.0000010
.0000006
.0000007
.0000009
-.0000010
.0000010
.0000004
.0000007
.0000012
.0000011
.0000009
.0000005
.00000021
.0000009
.0000015
.0000007
.0000012
.0000007
.0000004
0
.0000002
.0000005
.0000006
.0000010
.0000002
.0000024
.0000007
.0000010
.0000006
.0000012
.0000009
.0000008
.0000010
.0000005
.0000007
.0000019
.0000006
.0000004
.0000006
.0000005
.0000005
.0000006
.0000008
.0000002
.0000001
.0000012
.0000007
.0000007
.0000008
.0000003
.0000007
.0000008
.0000009
.0000005
.0000007
.0000004
.0000006
.0000007
.0000002
.0000008
.0000002
.0000009
.0000005
.0000007
.0000005
.0000008
.0000009
.0000007
.0000009
.0000009
.0000010
.0000005
.0000006
.0000004
.0000004
.0000008
.0000013
.0000005
.0000007
.0000008
.0000006
.0000008
.0000005
.0000006
.0000005
.0000010
.0000008
.0000009
.00000027
.0000007
.0000005
.0000010
.0000003
.0000005
.0000003
.0000010
.0000008
.0000006
.0000004
.0000004
.0000009
.0000006
.0000006
.00000014
.0000005
.0000006
.0000005
.0000004
.0000005
.0000006
.00000015
.0000006
.0000009
.0000006
.0000007
.0000004
.0000007
.0000006
.0000009
.0000006
.0000007
.0000003
.0000002
.0000005
.0000004
.0000001
.0000003
.0000004
.0000005
.0000004
.0000004
.0000007
.0000005
.0000005
.0000010
.0000010
.0000006
.0000007
.0000009
.0000005
.0000004
.0000007
.0000004
.0000006
.0000007
.0000006
.0000009
.0000013
.0000010
.0000008
.0000008
.0000004
.0000006
.0000007
.0000019
.0000006
.0000001
.0000012
.0000009
.0000008
.0000006
.0000005
.0000012
.00000025
.0000017
.0000010
.0000009
.0000005
.0000005
.0000006
.0000007
.0000008
.0000023
.0000007
.0000009
.00000042
.0000003
.0000007
.0000006
.0000021
.0000007
-.0000015
.0000011
.0000007
.0000006
.0000004
.0000005
.0000010
.0000004
.0000003
.0000002
.0000006
.0000004
.0000006
.0000009
.0000006
.0000005
.0000002
.0000009
.0000002
.0000004
.0000008
.0000007
.0000009
.0000007
.0000018
.0000004
.0000009
.0000002
.0000014
.0000008
.0000013
.0000008
.0000010
.0000022
.0000009
.0000006
.0000008
.0000014
.0000008
.0000012
.0000004
.0000010
.0000002
.0000010
.0000005
.0000004
.0000009
.0000009
.0000003
.0000009
.0000009
.0000006
.0000001
.0000007
.0000006
.0000009
.0000008
.0000009
.0000003
.0000010
.0000005
.0000007
.0000007
.0000013
.0000011
.0000004
-.0000024
.0000002
.0000014
.0000008
.0000006
.0000008
.0000008
.0000012
.0000010
.0000009
-.0000013
.0000014
.0000006
.0000009
.0000003
.0000002
.0000006
.0000006
.0000007
.0000008
.0000004
.0000007
.0000005
.0000005
.0000006
.0000006
.0000002
.0000006
.0000004
.0000009
.0000007
.0000008
.0000007
.0000006
.0000004
.0000010
.0000010
.0000004
.0000008
.0000008
.0000009
.00000031
.0000019
.0000008
.0000003
.0000003
.0000006
.0000005
.0000010
.0000004
0
.0000008
.0000006
.0000004
.0000011
.0000010
.0000009
.0000006
.0000038
.0000007
.0000005
.0000005
.0000012
.0000005
.0000009
.0000003
.0000011
.0000009
.0000014
.0000006
.0000005
.0000006
-.0000015
.0000005
.0000003
.0000005
.0000005
.0000003
.0000003
.0000009
.0000007
.0000008
.0000008
.0000005
.0000004
0
.0000012
.0000013
.0000023
.0000016
.0000012
.0000012
.0000010
.0000011
.0000037
.0000012
.0000003
.0000013
.0000027
.0000019
-.00000015
.0000007
.0000026
.0000014
.0000024
.0000007
.0000032
.0000014
.0000020
.0000012
.0000009
.0000026
.0000015
.0000028
.0000016
.0000027
.0000009
.0000010
.0000007
.00000047
.0000034
.0000007
.0000008
.0000011
.0000006
.0000002
.0000010
.0000015
.0000014
.0000017
.0000001
.0000005
.0000005
.0000003
.0000021
.0000016
.0000016
.0000001
.0000007
.0000013
.0000024
.0000016
.0000007
.0000014
.0000019
.0000007
.0000020
.0000028
.0000006
.0000004
.0000010
.0000013
.0000033
.0000020
.0000025
.0000009
.0000013
.0000017
.0000002
.0000009
.0000008
.0000018
.0000011
.0000029
.0000014
.0000008
.0000014
.0000023
.0000005
.0000021
.0000024
.0000005
.0000032
.0000008
.0000017
.0000011
.0000010
.0000017
.0000009
.0000012
.0000015
.0000024
.0000021
.0000007
.0000017
.0000011
.0000014
.0000014
.0000004
.0000016
.0000024
.0000014
.0000015
.0000024
.0000020
.0000008
.0000019
.0000023
.0000012
.0000040
.0000037
.0000004
.0000006
-.0000001
.0000018
.0000012
.0000050
.0000026
.0000026
.0000022
.0000012
.0000003
0
.0000002
.0000013
.0000027
.0000013
.0000029
.0000027
.0000016
.0000023
.0000015
.0000011
.0000004
.0000008
.0000009
.0000014
.0000005
.0000023
.0000028
.0000028
.0000013
.0000011
.0000018
.0000026
.0000016
.0000006
.0000009
.0000014
.0000023
.0000017
.0000010
.0000012
.0000020
.0000028
.0000015
.0000031
.0000035
.0000023
.0000018
.0000036
.0000017
.0000023
.0000022
.0000040
.0000016
.0000020
.0000005
.0000025
.0000014
.0000021
.0000020
.0000014
.0000013
.0000020
-.0000007
.0000027
.0000012
.0000024
.0000028
.0000030
.0000020
.0000017
.0000005
.0000017
.0000034
.0000020
.0000019
.0000015
.0000016
.0000008
.0000011
.0000013
.0000005
.0000020
.0000003
.0000043
.0000008
.0000016
.0000012
.0000027
.0000018
.0000024
.0000022
.0000011
.0000016
.0000040
.0000015
.0000008
.0000017
.0000012
.0000015
.0000012
.0000015
.0000007
.0000003
.0000025
.0000008
.0000022
.0000022
.0000005
.0000017
.0000012
.0000013
.0000009
.0000010
.0000021
.0000020
.0000016
.0000002
.0000020
.0000011
.0000023
.0000007
.0000018
.0000022
.0000023
.0000023
.0000016
.0000023
.0000026
.0000016
.0000011
.0000018
.0000018
.0000007
.0000012
.0000028
.0000014
.0000017
.0000009
.0000006
.0000019
.0000006
.0000006
.0000006
.0000024
.0000013
.0000022
.0000006
.0000010
.0000013
.0000023
.0000005
.0000011
.0000009
.0000020
.0000008
.0000009
.0000016
.0000006
.0000021
.0000018
.0000014
.0000004
.0000009
.0000014
.0000008
.0000008
.0000005
.0000016
.0000002
.0000012
.0000010
.0000013
.0000009
.0000007
.0000021
.0000010
.0000016
.0000015
.0000020
.0000005
.0000006
.0000013
.0000009
.0000003
.0000006
.0000011
.0000015
.0000005
.0000007
.0000008
.0000012
.0000010
.0000026
.0000024
.0000026
.0000014
.0000014
.0000006
.0000009
.0000020
.0000008
.0000014
.0000013
.0000018
.0000017
.0000013
.0000016
.0000019
.0000016
.0000009
.0000008
.0000014
.0000041
.0000012
.0000012
.0000028
.0000012
.0000010
.0000010
.0000010
.0000031
.0000005
.0000025
.0000018
.0000014
.0000007
.0000019
.0000006
.0000020
.0000018
.0000050
.0000008
.0000025
.0000010
.0000018
.0000017
.0000025
.0000037
.0000017
-.0000004
.0000017
.0000016
.0000016
.0000011
.0000010
.0000018
.0000006
.0000005
.0000013
.0000007
.0000015
.0000015
.0000027
.0000012
.0000011
.0000003
.0000014
.0000010
.0000007
.0000009
.0000017
.0000025
.0000013
.0000034
.0000007
.0000023
.0000010
.0000027
.0000018
.0000024
.0000018
.0000017
.0000034
.0000016
.0000014
.0000011
.0000025
.0000021
.0000019
.0000011
.0000021
.0000002
.0000010
.0000008
.0000005
.0000013
.0000017
.0000003
.0000015
.0000017
.0000007
.0000002
.0000019
.0000010
.0000021
.0000021
.0000012
.0000003
.0000025
.0000012
.0000015
.0000009
.0000028
.0000015
.0000016
.0000002
.0000009
.0000025
.0000022
.0000010
.0000011
.0000011
.0000019
.0000014
.0000023
.0000007
.0000027
.0000019
.0000015
.0000009
.0000021
.0000013
.0000008
.0000014
.0000020
.0000005
.0000012
.0000020
.0000012
.0000009
.0000009
.0000005
.0000010
.0000006
.0000012
.0000015
.0000015
.0000008
.0000026
.0000010
.0000017
.0000018
.0000008
.0000016
.0000014
.0000019
.0000006
.0000021
.0000014
.0000010
.0000004
.0000014
.0000004
.0000016
.0000011
-.0000001
.0000016
.0000013
.0000014
.0000025
.0000025
.0000021
.0000016
.0000072
.0000020
.0000007
.0000013
.0000024
.0000011
.0000011
.0000008
.0000019
.0000019
.0000034
.0000016
.0000008
.0000016
.0000003
.0000008
.0000004
.0000014
.0000007
.0000002
.0000013
.0000025
.0000010
.0000014
.0000018
.0000027
.0000024
0
.0000006
.0000010
.0000008
.0000006
.0000006
.0000006
.0000005
.0000013
.0000005
.0000004
.0000005
.0000008
.0000011
-.00000002
.0000004
.0000016
.0000009
.0000008
.0000004
-.0000006
.0000007
.0000009
.0000005
.0000003
.0000012
.0000009
.0000014
.0000008
.0000009
.0000008
.0000010
.0000004
.00000038
.0000011
.0000004
.0000005
.0000006
.0000006
-.0000005
.0000006
.0000009
.0000007
.0000011
.0000002
.00000027
0
.0000004
.0000011
.0000008
.0000006
0
-.0000003
.0000003
.0000008
.0000008
.0000004
.0000005
.0000006
.0000003
.0000009
.0000015
.0000006
.0000005
.0000005
.0000008
.0000017
.0000009
.0000017
.0000005
.0000006
.0000008
.0000002
.0000004
.0000004
.0000003
.0000005
.0000011
.0000007
.0000002
.0000012
.0000010
.0000006
.0000009
.0000009
.0000003
.0000012
.0000004
.0000007
.0000007
.0000005
.0000011
.0000005
.0000006
.0000008
.0000009
.0000011
.0000004
.0000009
.0000006
.0000006
.0000007
.0000006
.0000009
.0000010
.0000005
.0000005
.0000009
.0000011
.0000006
.0000008
.0000009
.0000007
.0000017
.0000014
.0000003
.0000004
.0000001
.0000008
.0000010
.0000023
.0000009
.0000016
.0000013
.0000005
.0000003
0
.0000003
.0000010
.0000011
.0000006
.0000013
.0000012
.0000006
.0000012
.0000009
.0000006
.00000039
.0000005
.0000008
.0000009
.0000005
.0000008
.0000008
.0000012
.0000004
.0000006
.0000007
.0000007
.0000005
.0000004
.0000005
.0000005
.0000010
.0000007
.0000004
.0000005
.0000007
.0000012
.0000010
.0000011
.0000013
.0000008
.0000007
.0000018
.0000006
.0000011
.0000012
.0000014
.0000005
.0000007
.0000003
.0000007
.0000005
.0000009
.0000010
.0000010
.0000008
.0000010
-.0000014
.0000012
.0000007
.0000014
.0000012
.0000013
.0000009
.0000008
.00000033
.0000005
.0000015
.0000007
.0000010
.0000007
.0000005
.0000007
.0000001
.0000006
.0000002
.0000007
.0000003
.0000019
.0000005
.0000006
.0000007
.0000016
.0000009
.0000008
.0000008
.0000007
.0000005
.0000016
.0000007
.0000004
.0000006
.0000007
.0000008
.0000004
.0000008
.0000005
.0000002
.0000011
.0000008
.0000008
.0000010
.0000004
.0000009
.0000008
.0000005
.0000005
.0000008
.0000008
.0000006
.0000006
.0000001
.0000010
.0000004
.0000008
.0000006
.0000006
.0000009
.0000008
.0000008
.0000007
.0000010
.0000012
.0000007
.0000006
.0000007
.0000008
.0000005
.0000005
.0000012
.0000003
.0000009
.0000005
.0000004
.0000007
.0000005
.0000004
.0000007
.0000010
.0000007
.0000009
.00000035
.0000005
.0000009
.0000008
.0000003
.0000004
.0000006
.0000008
.0000007
.0000006
.0000004
.0000005
.0000008
.0000007
.0000007
.00000029
.0000005
.0000008
.0000006
.0000005
.0000004
.0000008
.00000021
.0000007
.0000008
.0000006
.0000010
.0000004
.0000009
.0000005
.0000009
.0000006
.0000007
.0000004
.0000005
.0000007
.0000006
.0000003
.0000003
.0000005
.0000009
.0000005
.0000005
.0000006
.0000005
.0000006
.0000013
.0000013
.0000008
.0000006
.0000008
.0000003
.0000006
.0000012
.0000005
.0000009
.0000005
.0000007
.0000007
.0000006
.0000008
.0000010
.0000007
.0000004
.0000006
.0000008
.0000014
.0000004
.0000004
.0000010
.0000005
.0000005
.0000005
.0000007
.0000015
.00000027
.0000016
.0000013
.0000008
.0000004
.0000005
.0000004
.0000008
.0000008
.0000021
.0000009
.0000009
.00000064
.0000006
.0000006
.0000006
.0000012
.0000008
-.0000012
.0000008
.0000006
.0000008
.0000005
.0000004
.0000008
.0000002
.0000003
.0000005
.0000007
.0000007
.0000007
.0000011
.0000006
.0000004
.0000003
.0000007
.0000003
.0000005
.0000006
.0000010
.0000013
.0000007
.0000014
.0000005
.0000008
.0000005
.0000011
.0000006
.0000009
.0000007
.0000011
.0000027
.0000009
.0000005
.0000006
.0000010
.0000007
.0000008
.0000005
.0000008
.0000002
.0000008
.0000005
.0000005
.0000008
.0000009
.0000004
.0000005
.0000011
.0000006
.0000002
.0000008
.0000007
.0000009
.0000011
.0000007
.0000005
.0000009
.0000004
.0000006
.0000007
.0000010
.0000008
.0000004
-.0000027
.0000006
.0000010
.0000010
.0000009
.0000006
.0000006
.0000010
.0000005
.0000009
.0000003
.0000013
.0000007
.0000007
.0000003
.0000002
.0000006
.0000003
.0000004
.0000006
.0000004
.0000007
.0000007
.0000004
.0000006
.0000005
.0000003
.0000004
.0000005
.0000007
.0000006
.0000009
.0000006
.0000008
.0000005
.0000009
.0000011
.0000005
.0000008
.0000007
.0000008
.00000028
.0000021
.0000006
.0000006
.0000003
.0000003
.0000004
.0000007
.0000006
0
.0000007
.0000005
.0000003
.0000011
.0000010
.0000008
.0000005
.0000025
.0000013
.0000004
.0000007
.0000011
.0000005
.0000007
.0000004
.0000009
.0000008
.0000014
.0000005
.0000003
.0000007
-.0000001
.0000003
.0000007
.0000007
.0000005
.0000003
.0000003
.0000013
.0000009
.0000006
.0000008
.0000011
.0000012
0
.0000015
.0000009
.0000005
.0000004
.0000007
.0000005
.0000016
.0000007
.0000003
.0000007
.0000015
.0000009
0
.0000004
.0000011
.0000007
.0000012
.0000003
-.0000001
.0000009
.0000010
.0000005
.0000005
.0000014
.0000006
.0000017
.0000007
.0000012
.0000005
.0000008
.0000004
.0000004
.0000012
.0000005
.0000005
.0000004
.0000005
-.0000003
.0000007
.0000008
.0000006
.0000007
.0000002
.0000002
.0000002
.0000004
.0000011
.0000010
.0000009
.0000001
-.0000002
.0000009
.0000012
.0000010
.0000003
.0000006
.0000007
.0000004
.0000008
.0000018
.0000001
.0000003
.0000006
.0000007
.0000020
.0000009
.0000015
.0000004
.0000008
.0000007
.0000001
.0000004
.0000002
.0000009
.0000005
.0000017
.0000008
.0000005
.0000010
.0000007
.0000002
.0000009
.0000011
.0000002
.0000017
.0000004
.0000009
.0000007
.0000004
.0000012
.0000006
.0000007
.0000007
.0000012
.0000013
.0000005
.0000008
.0000006
.0000007
.0000005
.0000001
.0000007
.0000011
.0000006
.0000007
.0000009
.0000009
.0000004
.0000009
.0000011
.0000008
.0000029
.0000019
.0000003
.0000004
.0000002
.0000008
.0000005
.0000025
.0000010
.0000017
.0000011
0
.0000003
0
.0000004
.0000006
.0000015
.0000007
.0000015
.0000014
.0000008
.0000020
.0000007
.0000006
.0000002
.0000005
.0000006
.0000008
.0000003
.0000013
.0000010
.0000011
.0000008
.0000006
.0000009
.0000010
.0000005
.0000003
.0000004
.0000007
.0000010
.0000009
.0000005
.0000006
.0000009
.0000012
.0000010
.0000014
.0000013
.0000011
.0000010
.0000019
.0000007
.0000016
.0000010
.0000018
.0000009
.0000011
.0000004
.0000009
.0000011
.0000012
.0000008
.0000005
.0000007
.0000010
-.0000018
.0000015
.0000006
.0000004
.0000013
.0000019
.0000010
.0000010
.00000035
.0000006
.0000018
.0000010
.0000012
.0000009
.0000007
-.0000009
.0000004
.0000007
.0000002
.0000008
.0000002
.0000020
.0000005
.0000011
.0000007
.0000019
.0000011
.0000010
.0000013
.0000006
.0000008
.0000015
.0000007
.0000005
.0000007
.0000006
.0000009
.0000007
.0000005
.0000001
.0000002
.0000011
.0000003
.0000010
.0000011
.0000003
.0000007
.0000004
.0000006
.0000005
.0000008
.0000009
.0000009
.0000007
.0000001
.0000008
.0000004
.0000011
.0000004
.0000009
.0000012
.0000011
.0000012
.0000007
.0000010
.0000012
.0000008
.0000007
.0000009
.0000012
.0000004
.0000004
.0000014
.0000005
.0000011
.0000005
.0000005
.0000012
.0000005
.0000006
.0000007
.0000013
.0000008
.0000011
.00000042
.0000006
.0000005
.0000011
.0000004
.0000004
.0000006
.0000009
.0000006
.0000003
.0000006
.0000003
.0000012
.0000012
.0000005
.0000002
.0000005
.0000006
.0000004
.0000004
.0000003
.0000007
.0000002
.0000006
.0000009
.0000007
.0000006
.0000004
.0000009
.0000005
.0000009
.0000007
.0000009
.0000003
.0000003
.0000007
.0000007
.0000003
.0000003
.0000004
.0000008
.0000005
.0000005
.0000005
.0000005
.0000005
.0000014
.0000014
.0000010
.0000006
.0000009
.0000004
.0000005
.0000013
.0000005
.0000007
.0000008
.0000009
.0000008
.0000012
.0000008
.0000009
.0000008
.0000004
.0000005
.0000007
.0000021
.0000008
.0000004
.0000012
.0000005
.0000005
.0000005
.0000003
.0000013
.00000029
.0000020
.0000009
.0000012
.0000005
.0000007
.0000005
.0000010
.0000007
.0000019
.0000006
.0000008
.0000007
.0000007
.0000008
.0000006
.0000017
.0000008
-.0000013
.0000015
.0000008
.0000009
.0000005
.0000003
.0000008
.0000003
.0000002
.0000005
.0000005
.0000008
.0000006
.0000011
.0000007
.0000006
.0000004
.0000010
.0000006
.0000005
.0000004
.0000009
.0000010
.0000008
.0000022
.0000005
.0000011
.0000008
.0000010
.0000008
.0000013
.0000009
.0000006
.0000023
.0000009
.0000004
.0000006
.0000008
.0000009
.0000008
.0000006
.0000011
.0000003
.0000009
.0000004
.0000003
.0000007
.0000005
.0000002
.0000007
.0000011
.0000004
.0000002
.0000007
.0000006
.0000010
.0000010
.0000006
.0000003
.0000011
.0000003
.0000008
.0000006
.0000012
.0000008
.0000006
.0000002
.0000005
.0000014
.0000009
.0000004
.0000007
.0000007
.0000011
.0000007
.0000009
.0000006
.0000016
.0000007
.0000007
.0000003
.0000004
.0000008
.0000004
.0000007
.0000008
.0000005
.0000007
.0000007
.0000005
.0000005
.0000005
.0000003
.0000007
.0000002
.0000006
.0000007
.0000011
.0000005
.0000007
.0000006
.0000008
.0000013
.0000006
.0000008
.0000007
.0000011
.00000032
0
.0000009
.0000005
.0000001
.0000005
.0000003
.0000008
.0000007
-.0000008
.0000008
.0000005
.0000005
.0000013
.0000008
.0000012
.0000007
.0000030
.0000010
.0000003
.0000006
.0000015
.0000006
.0000007
.0000002
.0000006
.0000012
.0000021
.0000006
.0000004
.0000011
-.0000018
.0000005
-.0000002
.0000006
.0000005
.0000002
.0000006
.0000014
.0000006
.0000006
.0000010
.0000012
.0000015
0
.0000022
.0000010
.0000014
.0000011
.0000009
.0000034
.0000014
.0000004
.0000009
.0000029
.0000016
-.00000011
.0000011
.0000028
.0000017
.0000029
.0000007
.0000001
.0000021
.0000021
.0000019
.0000004
.0000026
.0000019
.0000036
.0000012
.0000023
.0000017
.0000014
.0000005
.00000041
.0000025
.0000006
.0000007
.0000012
.0000005
-.0000003
.0000015
.0000012
.0000018
.0000013
.0000001
.00000041
.0000002
.0000004
.0000025
.0000016
.0000016
.0000001
-.0000004
.0000013
.0000025
.0000017
.0000007
.0000009
.0000009
.0000005
.0000013
.0000030
.0000008
.0000002
.0000018
.0000013
.0000036
.0000021
.0000023
.0000010
.0000014
.0000015
.00000022
.0000007
.0000005
.0000008
.0000011
.0000026
.0000013
.0000007
.0000020
.0000023
.0000006
.0000014
.0000022
.0000004
.0000034
.0000008
.0000020
.0000019
.0000014
.0000015
.0000008
.0000010
.0000016
.0000019
.0000025
.0000006
.0000022
.0000011
.0000016
.0000004
.0000006
.0000019
.0000016
.0000016
.0000014
.0000027
.0000022
.0000018
.0000017
.0000030
.0000022
.0000055
.0000039
.0000002
.0000010
0
.0000020
.0000010
.0000051
.0000024
.0000023
.0000015
.0000006
.0000004
0
.0000002
.0000012
.0000029
.0000012
.0000033
.0000026
.0000017
.0000025
.0000015
.0000009
.0000010
.0000010
.0000008
.0000016
.0000009
.0000027
.0000028
.0000026
.0000021
.0000012
.0000020
.0000032
.0000014
.0000007
.0000007
.0000012
.0000026
.0000021
.0000010
.0000011
.0000023
.0000021
.0000022
.0000024
.0000032
.0000019
.0000023
.0000039
.0000016
.0000033
.0000027
.0000033
.0000019
.0000019
.0000008
.0000021
.0000027
.0000015
.0000018
.0000012
.0000011
.0000021
-.0000008
.0000031
.0000007
.0000002
.0000026
.0000034
.0000020
.0000015
.00000058
.0000023
.0000026
.0000015
.0000024
.0000013
.0000016
.0000014
.0000008
.0000011
.0000010
.0000025
.0000001
.0000033
.0000013
.0000026
.0000014
.0000036
.0000017
.0000018
.0000030
.0000008
.0000016
.0000031
.0000012
.0000006
.0000017
.0000015
.0000020
.0000009
.0000012
.0000008
.0000001
.0000021
.0000012
.0000018
.0000022
.0000005
.0000014
.0000016
.0000015
.0000008
.0000013
.0000015
.0000014
.0000009
.0000001
.0000014
.0000007
.0000014
.0000007
.0000019
.0000024
.0000016
.0000027
.0000010
.0000020
.0000030
.0000018
.0000014
.0000016
.0000014
.0000011
.0000012
.0000025
.0000016
.0000018
.0000013
.0000005
.0000015
.0000009
.0000008
.0000005
.0000025
.0000012
.0000020
.00000055
.0000008
.0000010
.0000017
.0000004
.0000013
.0000007
.0000021
.0000013
.0000007
.0000012
.0000005
.0000016
.0000016
.0000009
.00000029
.0000008
.0000015
.0000006
.0000006
.0000003
.0000019
.00000024
.0000012
.0000017
.0000013
.0000010
.0000004
.0000010
.0000005
.0000014
.0000006
.0000013
.0000004
.0000004
.0000006
.0000008
.0000004
.0000004
.0000008
.0000014
.0000005
.0000008
.0000011
.0000015
.0000006
.0000028
.0000017
.0000017
.0000016
.0000014
.0000009
.0000007
.0000022
.0000007
.0000013
.0000019
.0000015
.0000013
.0000029
.0000013
.0000017
.0000017
.0000009
.0000009
.0000011
.0000039
.0000008
.0000009
.0000025
.0000016
.0000011
.0000009
.0000014
.0000040
.00000047
.0000037
.0000017
.0000015
.0000005
.0000018
.0000006
.0000019
.0000020
.0000053
.0000013
.0000028
.0000009
.0000012
.0000019
.0000019
.0000034
.0000018
-.0000010
.0000025
.0000014
.0000015
.0000011
.0000012
.0000020
.0000004
.0000004
.0000012
.0000017
.0000011
.0000013
.0000024
.0000010
.0000010
.0000004
.0000018
.0000005
.0000008
.0000008
.0000019
.0000024
.0000014
.0000041
.0000007
.0000022
.0000012
.0000031
.0000015
.0000031
.0000020
.0000018
.0000026
.0000014
.0000016
.0000016
.0000019
.0000019
.0000021
.0000015
.0000016
.0000003
.0000028
.0000011
.0000005
.0000017
.0000015
.0000006
.0000018
.0000015
.0000007
.0000003
.0000014
.0000022
.0000021
.0000018
.0000017
.0000003
.0000023
.0000011
.0000015
.0000014
.0000029
.0000020
.0000020
-.0000006
.0000008
.0000031
.0000021
.0000015
.0000007
.0000018
.0000029
.0000022
.0000024
.0000009
.0000029
.0000020
.0000015
.0000008
.0000019
.0000008
.0000006
.0000014
.0000014
.0000004
.0000012
.0000019
.0000012
.0000011
.0000010
.0000003
.0000007
.0000007
.0000014
.0000010
.0000021
.0000011
.0000021
.0000011
.0000017
.0000031
.0000006
.0000017
.0000017
.0000015
.00000045
.0000037
.0000020
.0000010
.0000002
.0000016
.0000004
.0000015
.0000010
.0000006
.0000016
.0000013
.0000017
.0000023
.0000020
.0000024
.0000020
.0000060
.0000023
.0000008
.0000013
.0000021
.0000014
.0000012
.0000008
.0000021
.0000022
.0000034
.0000013
.0000005
.0000015
-.0000001
.0000009
.0000018
.0000014
.0000010
.0000002
.0000013
.0000022
.0000011
.0000015
.0000016
.0000024
.0000023
0
.0000010
.0000008
.0000008
.0000008
.0000023
.0000008
.0000004
.0000007
.0000018
.0000012
-.00000013
.0000007
.0000014
.0000010
.0000019
.0000005
-.0000007
.0000011
.0000016
.0000010
.0000005
.0000021
.0000012
.0000021
.0000010
.0000018
.0000013
.0000011
.0000004
.00000035
.0000021
.0000007
.0000006
.0000010
.0000004
-.0000004
.0000008
.0000008
.0000011
.0000010
.0000001
.0000004
.0000003
.0000003
.0000019
.0000012
.0000009
0
-.0000008
.0000009
.0000014
.0000011
.0000005
.0000005
.0000008
.0000002
.0000012
.0000021
.0000006
.0000002
.0000009
.0000011
.0000024
.0000012
.0000016
.0000006
.0000012
.0000009
.00000016
.0000005
.0000003
.0000011
.0000006
.0000019
.0000007
.0000007
.0000009
.0000016
.0000003
.0000010
.0000017
.0000002
.0000021
.0000005
.0000011
.0000011
.0000007
.0000013
.0000007
.0000007
.0000009
.0000013
.0000015
.0000006
.0000012
.0000008
.0000007
.0000010
.0000004
.0000010
.0000014
.0000008
.0000008
.0000014
.0000013
.0000008
.0000012
.0000012
.0000011
.0000037
.0000026
.0000003
.0000006
.0000001
.0000016
.0000010
.0000033
.0000016
.0000014
.0000016
0
.0000003
0
.0000003
.0000009
.0000017
.0000009
.0000021
.0000020
.0000010
.0000019
.0000010
.0000008
.0000004
.0000006
.0000007
.0000014
.0000005
.0000014
.0000016
.0000017
.0000011
.0000010
.0000014
.0000017
.0000010
.0000005
.0000004
.0000008
.0000016
.0000012
.0000004
.0000006
.0000014
.0000017
.0000013
.0000018
.0000020
.0000012
.0000011
.0000024
.0000009
.0000022
.0000016
.0000028
.0000012
.0000016
.0000004
.0000016
.0000015
.0000013
.0000011
.0000008
.0000009
.0000016
-.0000010
.0000018
.0000006
.0000009
.0000019
.0000019
.0000013
.0000009
.00000036
.0000016
.0000023
.0000012
.0000015
.0000012
.0000010
.0000008
.0000006
.0000008
.0000004
.0000014
.0000001
.0000031
.0000008
.0000017
.0000010
.0000019
.0000011
.0000014
.0000015
.0000005
.0000010
.0000027
.0000009
.0000005
.0000011
.0000011
.0000013
.0000007
.0000010
.0000004
.0000002
.0000015
.0000007
.0000012
.0000013
.0000003
.0000009
.0000011
.0000010
.0000006
.0000008
.0000010
.0000012
.0000009
.0000001
.0000012
.0000005
.0000015
.0000006
.0000011
.0000013
.0000012
.0000018
.0000009
.0000015
.0000015
.0000011
.0000011
.0000012
.0000009
.0000006
.0000007
.0000020
.0000008
.0000012
.0000009
.0000005
.0000012
.0000005
.0000006
.0000006
.0000015
.0000010
.0000013
.00000043
.0000006
.0000009
.0000013
.0000005
.0000008
.0000007
.0000013
.0000009
.0000005
.0000008
.0000004
.0000011
.0000012
.0000010
.00000028
.0000005
.0000012
.0000006
.0000006
.0000004
.0000013
.0000002
.0000008
.0000012
.0000011
.0000007
.0000004
.0000010
.0000007
.0000010
.0000008
.0000014
.0000003
.0000004
.0000007
.0000006
.0000003
.0000004
.0000008
.0000011
.0000004
.0000006
.0000007
.0000009
.0000005
.0000017
.0000014
.0000013
.0000007
.0000011
.0000006
.0000006
.0000015
.0000005
.0000010
.0000010
.0000012
.0000011
.0000016
.0000011
.0000012
.0000010
.0000005
.0000006
.0000011
.0000026
.0000008
.0000007
.0000015
.0000010
.0000009
.0000006
.0000007
.0000021
.00000037
.0000022
.0000012
.0000012
.0000005
.0000008
.0000006
.0000014
.0000011
.0000032
.0000008
.0000015
.00000079
.0000008
.0000011
.0000010
.0000027
.0000011
-.0000016
.0000016
.0000011
.0000011
.0000008
.0000007
.0000012
.0000003
.0000004
.0000009
.0000008
.0000009
.0000010
.0000015
.0000006
.0000006
.0000004
.0000013
.0000006
.00000045
.0000006
.0000009
.0000016
.0000010
.0000027
.0000005
.0000017
.0000009
.0000021
.0000011
.0000019
.0000015
.0000013
.0000024
.0000011
.0000008
.0000010
.0000013
.0000012
.0000012
.0000007
.0000012
.0000002
.0000013
.0000005
.0000004
.0000013
.0000010
.0000003
.0000010
.0000012
.0000005
.0000001
.0000010
.0000009
.0000014
.0000012
.0000008
.0000003
.0000014
.0000009
.0000011
.0000009
.0000018
.0000012
.0000008
.0000009
.0000008
.0000019
.0000014
.0000008
.0000007
.0000011
.0000015
.0000014
.0000016
.0000002
.0000021
.0000012
.0000011
.0000006
.0000008
.0000008
.0000004
.0000010
.0000011
.0000005
.0000007
.0000012
.0000009
.0000007
.0000008
.0000002
.0000006
.0000004
.0000010
.0000009
.0000016
.0000009
.0000013
.0000007
.0000013
.0000017
.0000004
.0000014
.0000009
.0000012
.00000041
.0000026
.0000012
.0000006
.0000001
.0000009
.0000003
.0000011
.0000008
.0000004
.0000011
.0000007
.0000008
.0000018
.0000015
.0000014
.0000011
.0000053
.0000016
.0000004
.0000008
.0000018
.0000008
.0000011
.0000005
.0000014
.0000013
.0000026
.0000009
.0000005
.0000012
-.0000015
.0000007
.0000003
.0000011
.0000005
.0000002
.0000007
.0000016
.0000008
.0000009
.0000011
.0000013
.0000014
0
.0000006
.0000008
.0000012
.0000011
.0000010
.0000005
.0000007
.0000007
.0000013
-.00000006
.0000007
.0000014
.0000014
.0000009
.0000008
.0000001
.0000006
.0000010
.0000010
.0000004
.0000017
.0000010
.0000015
.0000008
.0000010
.0000019
.0000014
.0000003
.0000006
.0000018
.0000008
.0000008
.0000019
.0000002
-.0000004
.0000011
.0000010
.0000011
.0000017
.0000003
.0000006
.0000004
.0000009
.0000021
.0000009
.0000014
0
-.0000011
.0000003
.0000007
.0000001
.0000009
.0000010
.0000014
.0000007
.0000010
.0000012
.0000007
.0000006
.0000005
.0000014
.0000015
.0000014
.0000012
.0000011
.0000005
.0000023
.0000001
.0000002
.0000008
.0000006
.0000014
.0000009
.0000013
.0000014
.0000014
.0000022
.0000008
.0000014
.0000014
.0000002
.0000023
.0000009
.0000008
.0000009
.0000002
.0000010
.0000004
.0000008
.0000007
.0000006
.0000012
.0000006
.0000017
.0000013
.0000003
.0000020
.0000007
.0000013
.0000014
.0000010
.0000006
.0000016
.0000018
.0000007
.0000014
.0000010
.0000011
.0000025
.0000029
.0000004
.0000012
0
.0000014
.0000015
.0000021
.0000023
.0000007
.0000011
-.0000006
.0000004
.0000001
.0000006
.0000012
.0000016
.0000015
.0000017
.0000010
.0000007
.0000014
.0000016
.0000007
.0000007
.0000012
.0000016
.0000015
.0000011
.0000012
.0000015
.0000012
.0000005
.0000007
.0000008
.0000021
.0000012
.0000002
.0000008
.0000007
.0000010
.0000014
.0000004
.0000009
.0000009
.0000021
.0000007
.0000015
.0000009
.0000006
.0000013
.0000015
.0000006
.0000017
.0000012
.0000025
.0000007
.0000010
.0000008
.0000015
.0000010
.0000011
.0000014
.0000016
.0000009
.0000008
-.0000013
.0000006
.0000011
.0000014
.0000009
.0000013
.0000007
.0000003
.00000033
.0000013
.0000014
.0000002
.0000013
.0000012
.0000005
.0000001
.0000005
.0000007
.0000006
.0000014
.0000006
.0000034
.0000008
.0000011
.0000009
.0000010
.0000009
.0000012
.0000008
.0000008
.0000005
.0000024
.0000006
.0000008
.0000006
.0000008
.0000002
.0000009
.0000019
.0000008
.0000004
.0000016
.0000013
.0000006
.0000011
.0000007
.0000009
.0000012
.0000016
.0000009
.0000006
.0000014
.0000007
.0000007
.0000001
.0000011
.0000001
.0000008
.0000007
.0000006
.0000003
.0000009
.0000014
.0000008
.0000009
.0000015
.0000006
.0000008
.0000007
.0000006
.0000006
.0000008
.0000009
.0000012
.0000018
.0000011
.0000005
.0000011
.0000006
.0000007
.0000005
.0000011
.0000011
.0000003
.00000052
.0000008
.0000010
.0000009
.0000005
.0000004
.0000008
.0000010
.0000009
.0000008
.0000003
.0000005
.0000004
.0000006
.0000007
.00000037
.0000005
.0000006
.0000008
.0000008
.0000004
.0000006
.00000022
.0000008
.0000008
.0000007
.0000010
.0000006
.0000017
.0000010
.0000009
.0000006
.0000010
.0000004
.0000009
.0000009
.0000006
.0000003
.0000005
.0000007
.0000010
.0000009
.0000008
.0000009
.0000006
.0000007
.0000012
.0000010
.0000015
.0000012
.0000005
.0000007
.0000005
.0000010
.0000005
.0000007
.0000006
.0000007
.0000010
.0000011
.0000017
.0000006
.0000016
.0000012
.0000013
.0000016
.0000017
.0000005
.0000001
.0000021
.0000018
.0000013
.0000013
.0000008
.0000024
.00000028
.0000016
.0000022
0
.0000006
.0000002
.0000009
.0000010
.0000013
.0000022
.0000015
.0000011
.00000068
.0000001
.0000007
-.0000002
.0000022
.0000010
-.0000013
.0000008
.0000009
.0000008
.0000008
0
.0000012
.0000003
.0000003
.0000008
.0000006
.0000004
.0000008
.0000011
.0000012
.0000007
.0000004
.0000013
.0000003
.0000006
.0000007
.0000012
.0000015
.0000012
.0000023
.0000007
.0000006
.0000003
.0000016
.0000009
.0000021
.0000011
.0000018
.0000020
.0000012
.0000010
.0000010
.0000018
.0000013
.0000013
.0000006
.0000012
.0000004
.0000015
.0000012
.0000009
.0000007
.0000009
.0000007
.0000001
.0000014
.0000013
.0000005
.0000007
.0000012
.0000010
.0000023
.0000012
.0000007
.0000009
.0000007
.0000009
.0000011
.0000019
.0000012
0
-.0000016
.0000002
.0000011
.0000005
.0000009
.0000013
.0000009
.0000013
.0000006
.0000008
-.0000009
.0000010
.0000011
.0000008
.0000004
-.0000002
.0000007
.0000005
.0000004
.0000007
.0000004
.0000010
.0000006
.0000006
.0000012
.0000005
.0000006
.0000006
.0000013
.0000007
.0000009
.0000011
.0000010
.0000016
.0000003
.0000010
.0000013
.0000004
.0000011
.0000006
.0000011
.00000049
.0000018
.0000008
.0000007
.0000005
.0000003
.0000006
.0000013
.0000009
-.0000004
.0000017
.0000012
.0000004
.0000011
.0000008
.0000005
.0000006
.0000046
.0000012
.0000007
.0000009
.0000010
.0000008
.0000011
.0000007
.0000012
.0000005
.0000012
.0000005
.0000008
.0000005
-.0000018
.0000006
.0000005
.0000007
.0000012
.0000003
.0000004
.0000008
.0000016
.0000008
.0000006
.0000011
.0000008
0
.0000009
.0000003
.0000014
.0000004
.0000007
.0000005
.0000011
.0000009
-.0000001
.0000002
.0000012
.0000006
.0000006
.0000004
-.0000022
.0000004
.0000011
0
.0000004
.0000010
.0000005
.0000018
.0000012
.0000008
.0000012
.0000015
.0000003
.0000007
.0000008
.0000008
.0000005
.0000016
.0000005
-.0000007
.0000005
.0000010
.0000007
.0000014
-.0000001
.00000053
.0000003
.0000004
.0000013
.0000009
.0000006
-.0000001
-.0000021
.0000003
.0000012
.0000004
.0000001
.0000003
.0000007
.0000002
.0000010
.0000021
.0000002
.0000004
.0000006
.0000010
.0000019
.0000009
.0000018
.0000006
.0000007
.0000007
.0000002
-.0000001
.0000009
.0000002
.0000006
.0000011
.0000005
-.0000003
.0000017
.0000013
.0000002
.0000010
.0000011
-.0000001
.0000021
.0000002
.0000007
.0000007
.0000004
.0000013
.0000006
.0000001
.0000004
.0000011
.0000014
-.0000004
.0000019
.0000004
0
.0000008
.0000009
.0000012
.0000012
.0000003
.0000003
.0000013
.0000016
.0000005
.0000007
.0000012
.0000002
.0000044
.0000025
.0000002
.0000002
0
.0000011
.0000017
.0000026
.0000013
.0000010
.0000014
-.0000009
.0000004
-.0000003
-.0000004
.0000016
.0000014
.0000007
.0000016
.0000010
.0000005
.0000017
.0000019
.0000004
.0000004
.0000005
.0000009
.0000010
.0000002
.0000010
.0000009
.0000012
0
.0000006
.0000005
.0000016
.0000002
.0000003
.0000002
.0000009
.0000010
.0000008
.0000002
.0000003
.0000006
.0000013
.0000005
.0000019
.0000007
.0000005
.0000006
.0000022
.0000003
.0000020
.0000011
.0000020
.0000006
.0000007
.0000004
.0000005
.0000012
.0000006
.0000009
.0000011
.0000008
.0000006
-.0000014
.0000016
.0000010
.0000011
.0000011
.0000013
.0000005
.0000007
.00000061
.0000019
.0000015
.0000003
.0000012
.0000006
.0000003
-.0000001
.0000002
.0000003
-.0000001
.0000007
-.0000001
.0000022
.0000008
.0000010
.0000002
.0000018
.0000007
.0000003
.0000004
.0000004
.0000003
.0000018
.0000006
.0000005
.0000003
.0000005
.0000006
.0000004
.0000007
0
.0000002
.0000012
.0000007
.0000006
.0000012
.0000004
.0000009
.0000011
.0000007
.0000007
.0000007
.0000007
.0000006
.0000005
.0000001
.0000011
0
.0000007
.0000009
.0000005
.0000005
.0000009
.0000012
.0000005
.0000010
.0000009
.0000006
.0000009
.0000006
.0000009
.0000004
.0000007
.0000011
.0000003
.0000015
.0000008
.0000007
.0000008
.0000007
.0000007
.0000008
.0000018
.0000013
.0000004
.0000007
.0000009
.0000013
.0000009
.0000002
.0000008
.0000009
.0000012
.0000011
.0000007
-.0000001
.0000006
.0000014
.0000011
.0000008
.00000034
.0000007
.0000007
.0000008
.0000007
.0000003
.0000008
.0000004
.0000007
.0000007
.0000008
.0000011
.0000006
.0000010
.0000007
.0000012
.0000005
.0000003
.0000003
.0000006
.0000007
.0000008
.0000003
.0000005
.0000009
.0000011
.0000006
.0000008
.0000010
.0000004
.0000007
.0000011
.0000012
.0000008
.0000006
.0000010
.0000006
.0000007
.0000012
.0000008
.0000008
.0000004
.0000005
.0000005
.0000015
.0000009
.0000008
.0000008
.0000002
.0000005
.0000008
.0000018
.0000005
.0000001
.0000013
.0000012
.0000004
.0000003
.0000001
.0000018
.0000004
.0000023
.0000018
.0000008
.0000005
.0000001
.0000002
.0000010
.0000011
.0000022
.0000016
.0000002
.0000012
.0000003
.0000003
-.0000001
.0000015
.0000007
-.0000024
.0000012
.0000007
.0000003
.0000005
-.0000003
.0000006
.0000002
.0000002
.0000003
.0000010
.0000003
.0000007
.0000006
.0000004
.0000004
.0000001
.0000008
.0000003
.0000010
.0000006
.0000020
.0000011
.0000004
.0000022
.0000006
.0000010
-.0000003
.0000011
.0000006
.0000018
.0000012
.0000012
.0000021
.0000016
.0000007
.0000005
.0000004
.0000007
.0000010
.0000004
.0000009
0
.0000015
.0000004
.0000001
.0000010
.0000015
.0000003
.0000002
.0000016
.0000007
.0000001
.0000004
.0000009
.0000010
.0000023
.0000008
.0000004
.0000009
.0000005
.0000005
.0000017
.0000012
.0000005
-.0000004
-.0000026
.0000005
.0000011
.0000009
.0000007
.0000008
.0000008
.0000014
.0000014
.0000004
-.0000015
.0000009
.0000004
.0000006
.0000003
-.0000003
.0000007
.0000005
.0000003
.0000002
.0000004
.0000006
.0000004
.0000003
.0000006
.0000009
.0000002
.0000005
.0000001
.0000006
.0000006
.0000014
.0000006
.0000015
.0000006
.0000011
.0000016
.0000005
.0000011
.0000005
.0000013
.0000005
.0000040
.0000008
.0000004
.0000001
.0000004
.0000004
.0000009
.0000010
-.0000007
.0000010
.0000003
.0000001
.0000011
.0000007
.0000010
.0000006
.0000043
.0000016
.0000003
.0000006
.0000012
.0000004
.0000012
.0000003
.0000007
.0000001
.0000013
.0000003
.0000002
.0000005
-.0000018
.0000002
.0000005
.0000007
.0000007
.0000002
.0000003
.0000016
.0000010
.0000008
.0000005
.0000006
.0000010
0
.0000006
.0000015
.0000007
.00000032
.0000006
.0000010
.00000034
.00000005
.0000006
.0000021
.0000008
.0000013
.00000047
-.0000006
.0000008
.0000010
.0000010
.00000035
.0000010
.0000011
.0000012
.00000053
.0000009
.0000010
.0000011
.0000004
.0000003
.0000011
.00000052
.00000038
.0000008
.00000028
.00000095
.0000007
.00000066
.0000008
.0000009
.0000002
.00000033
.00000041
.0000006
.0000012
.00000072
.0000010
.00000009
.0000009
.0000010
.0000011
.0000007
.0000004
.0000007
.0000006
.0000006
.0000007
.0000010
.0000007
.00000039
.0000007
.0000008
.0000010
.0000011
.00000077
.0000006
.0000006
.0000011
.00000019
.0000004
.00000037
.00000086
.0000008
.00000086
.0000009
.0000006
.0000010
.0000012
.0000004
.0000009
.0000010
.00000028
.0000015
.00000056
.0000009
.0000007
.00000059
.00000053
.00000045
.0000007
.0000007
.0000008
.0000009
.0000006
.0000012
.0000008
.0000009
.0000007
.00000038
.0000009
.0000008
.0000009
.0000009
.0000017
.0000012
.0000008
.0000011
.0000013
.0000010
.0000018
.0000015
.00000028
.0000008
.00000014
.0000008
.0000008
.0000018
.0000014
.0000007
.00000055
.0000007
.00000035
.00000017
.0000003
.0000008
.0000012
.0000007
.0000013
.0000009
.0000008
.0000009
.0000011
.0000005
.00000041
.0000006
.0000008
.0000009
.0000006
.0000012
.0000012
.0000011
.0000011
.0000006
.0000010
.0000015
.0000007
.0000005
.0000007
.0000007
.0000010
.0000009
.00000029
.0000005
.0000010
.0000008
.0000009
.0000011
.0000012
.00000069
.0000013
.0000011
.0000008
.00000089
.0000009
.0000011
.0000008
.0000008
.0000005
.0000010
.0000010
.0000009
.0000008
.0000008
.0000008
.0000010
.0000005
.0000010
.0000006
.0000008
.0000009
.0000012
.0000008
.00000064
.00000037
.0000012
.0000011
.00000068
.0000009
.0000007
.0000009
.0000003
.00000066
.0000006
.0000005
.0000012
.00000037
.0000012
.0000006
.0000011
.0000009
.0000012
.0000010
.0000011
.0000010
.0000006
.0000009
.0000013
.0000006
.00000051
.00000067
.00000066
.00000054
.0000005
.0000007
.0000004
.00000016
.0000010
.0000009
.0000009
.0000011
.0000005
.0000008
.0000009
.0000010
.0000005
.0000007
.00000079
.00000071
.00000061
.00000016
.0000009
.00000051
.0000008
.00000048
.0000009
.0000009
.0000009
.0000012
.0000009
.0000009
.0000012
.0000008
.0000009
.0000008
.0000007
.0000004
.00000046
.00000077
.0000009
.0000010
.0000007
.00000035
.0000008
.00000048
.00000039
.00000041
.0000008
.0000007
.0000009
.00000038
.00000061
.0000008
.0000009
.00000028
.00000057
.0000004
.0000009
.00000054
.0000005
.0000007
.00000033
.00000061
.0000008
.0000008
.00000019
.00000046
.0000007
.00000042
.00000043
.0000004
.0000008
.0000002
.0000008
.0000007
.00000044
.00000055
.00000038
.0000008
.0000005
.0000007
.00000047
.0000007
.0000003
.0000005
.0000006
.00000066
.00000029
.00000034
.00000052
.0000007
.00000034
.00000049
.0000005
.0000007
.00000039
.0000010
.0000008
.0000010
.0000011
.00000068
.00000041
.00000041
.0000009
.00000051
.0000008
.0000009
.0000008
.0000008
.0000009
.0000009
.0000010
.0000008
.0000007
.0000007
.0000008
.0000015
.0000006
.00000055
.0000011
.0000009
.0000008
.0000007
.0000008
.0000017
.00000027
.0000011
.0000012
.0000008
.0000006
.0000008
.0000006
.0000009
.0000011
.0000014
.0000008
.0000012
.00000058
.0000007
.0000010
.0000010
.00000117
.0000009
.00000048
.0000007
.0000007
.0000008
.00000076
.0000006
.0000010
.00000037
.00000026
.0000007
.00000059
.00000057
.0000007
.0000010
.0000008
.0000007
.00000032
.0000008
.00000042
.00000039
.0000005
.0000010
.0000013
.0000007
.0000013
.00000043
.0000011
.0000010
.0000014
.0000008
.0000012
.0000010
.0000011
.0000018
.0000008
.0000007
.0000007
.0000012
.0000009
.0000010
.0000007
.0000009
.0000002
.0000010
.0000007
.0000005
.00000077
.0000008
.0000005
.0000008
.0000008
.0000007
.0000003
.0000009
.00000092
.0000009
.0000012
.0000008
.0000005
.0000010
.0000006
.0000008
.0000008
.0000012
.0000009
.0000009
-.0000004
.00000044
.0000011
.0000008
.0000008
.0000006
.0000007
.0000012
.0000009
.0000010
.0000018
.0000011
.0000010
.0000008
.00000056
.0000011
.00000068
.00000038
.0000007
.0000007
.00000035
.0000008
.0000009
.00000061
.0000007
.00000069
.00000042
.0000006
.0000006
.0000007
.0000006
.0000009
.0000008
.0000011
.00000047
.0000008
.0000010
.0000004
.0000008
.0000007
.0000009
.00000038
.0000021
.0000009
.0000006
.00000029
.00000078
.0000004
.0000008
.00000065
.0000007
.0000009
.0000007
.0000010
.0000009
.0000008
.0000010
.0000007
.0000016
.0000011
.0000006
.0000007
.0000010
.0000008
.0000007
.0000004
.0000011
.0000009
.0000014
.0000007
.0000004
.0000007
-.0000002
.00000044
.0000004
.0000007
.0000008
.0000003
.0000008
.00000076
.0000009
.0000007
.0000007
.0000013
.0000008
0
.0000006
.0000005
.0000004
.0000005
.0000005
.0000011
-.00000008
.0000004
.0000009
.0000009
.0000009
.0000006
-.0000029
.0000004
.0000007
.0000006
.0000003
.0000009
.0000003
.0000010
.0000007
.0000008
.0000007
.0000008
.0000002
.0000004
.0000009
.0000006
.0000005
.0000008
.0000002
-.0000007
.0000007
.0000007
.0000006
.0000010
.0000003
.0000003
0
.0000005
.0000012
.0000008
.0000006
.0000001
-.0000015
.0000002
.0000005
.0000003
.0000005
.0000007
.0000006
.0000005
.0000010
.0000012
.0000002
.0000003
.0000003
.0000009
.0000015
.0000008
.0000012
.0000007
.0000005
.0000009
0
.0000003
.0000004
.0000002
.0000007
.0000009
.0000008
.0000003
.0000008
.0000010
.0000004
.0000009
.0000010
.0000002
.0000011
.0000006
.0000005
.0000008
.0000002
.0000011
.0000004
.0000006
.0000005
.0000007
.0000008
.0000005
.0000007
.0000008
0
.0000009
.0000002
.0000004
.0000011
.0000004
.0000003
.0000005
.0000009
.0000002
.0000005
.0000003
.0000007
.0000018
.0000014
.0000003
.0000006
0
.0000010
.0000008
.0000014
.0000010
.0000009
.0000008
-.0000005
.0000003
.0000002
.0000005
.0000007
.0000009
.0000008
.0000010
.0000010
.0000005
.0000011
.0000009
.0000006
.0000004
.0000006
.0000008
.0000009
.0000006
.0000006
.0000008
.0000008
.0000001
.0000005
.0000006
.0000007
.0000008
.0000002
.0000005
.0000005
.0000005
.0000008
.0000004
.0000008
.0000005
.0000013
.0000006
.0000011
.0000005
.0000006
.0000005
.0000015
.0000003
.0000012
.0000008
.0000020
.0000004
.0000008
.0000005
.0000009
.0000006
.0000006
.0000010
.0000006
.0000006
.0000006
-.0000019
.0000007
.0000007
.0000004
.0000011
.0000009
.0000006
.0000004
.00000033
.0000001
.0000012
.0000004
.0000010
.0000010
.0000004
-.0000002
0
.0000005
.0000005
.0000005
.0000004
.0000026
.0000006
.0000006
.0000006
.0000008
.0000007
.0000007
.0000005
.0000006
.0000004
.0000016
.0000006
.0000006
.0000004
.0000006
.0000004
.0000007
.0000008
.0000003
.0000003
.0000010
.0000006
.0000004
.0000006
.0000003
.0000006
.0000006
.0000007
.0000006
.0000006
.0000007
.0000005
.0000006
.0000002
.0000009
.0000001
.0000006
.0000004
.0000006
.0000003
.0000008
.0000006
.0000005
.0000007
.0000007
.0000005
.0000007
.0000007
.0000007
.0000004
.0000006
.0000010
.0000003
.0000011
.0000008
.0000005
.0000008
.0000005
.0000005
.0000004
.0000010
.0000007
.0000002
.00000036
.0000006
.0000005
.0000007
.0000005
.0000004
.0000005
.0000008
.0000006
.0000006
.0000002
.0000003
.0000005
.0000005
.0000006
.00000023
.0000005
.0000009
.0000006
.0000005
.0000004
.0000004
.0000002
.0000005
.0000007
.0000007
.0000007
.0000005
.0000010
.0000006
.0000007
.0000005
.0000007
.0000003
.0000004
.0000005
.0000003
.0000003
.0000003
.0000005
.0000007
.0000005
.0000004
.0000006
.0000005
.0000005
.0000009
.0000009
.0000007
.0000006
.0000004
.0000005
.0000005
.0000009
.0000004
.0000007
.0000004
.0000004
.0000007
.0000009
.0000009
.0000002
.0000008
.0000006
.0000006
.0000008
.0000016
.0000005
.0000001
.0000010
.0000007
.0000008
.0000008
.0000002
.0000006
.0000003
.0000014
.0000012
.0000004
.0000005
.0000002
.0000007
.0000008
.0000005
.0000018
.0000009
.0000005
.0000006
.0000002
.0000005
-.0000001
.0000016
.0000006
-.0000019
.0000008
.0000006
.0000005
.0000003
0
.0000008
.0000003
.0000003
.0000001
.0000005
.0000003
.0000005
.0000007
.0000006
.0000006
.0000004
.0000009
.0000003
.0000005
.0000006
.0000011
.0000008
.0000009
.0000017
.0000006
.0000005
-.0000003
.0000009
.0000004
.0000010
.0000007
.0000007
.0000013
.0000008
.0000004
.0000007
.0000006
.0000007
.0000008
.0000003
.0000009
.0000004
.0000007
.0000007
.0000005
.0000006
.0000009
.0000004
.0000002
.0000011
.0000007
.0000003
.0000005
.0000005
.0000009
.0000013
.0000007
.0000003
.0000007
.0000004
.0000008
.0000006
.0000011
.0000007
0
-.0000023
.0000007
.0000009
.0000007
.0000005
.0000008
.0000006
.0000006
.0000007
.0000005
-.0000020
.0000009
.0000006
.0000006
.0000004
-.0000003
.0000005
.0000004
.0000003
.0000006
.0000003
.0000005
.0000004
.0000005
.0000006
.0000005
.0000004
.0000004
.0000007
.0000006
.0000007
.0000008
.0000006
.0000007
.0000004
.0000008
.0000009
.0000004
.0000008
.0000004
.0000008
.0000003
.0000008
.0000006
.0000005
.0000003
.0000002
.0000004
.0000009
.0000007
-.0000009
.0000009
.0000007
0
.0000011
.0000007
.0000006
.0000005
.0000037
.0000006
.0000006
.0000006
.0000009
.0000005
.0000008
.0000006
.0000005
.0000004
.0000008
.0000004
.0000006
.0000005
-.0000023
.0000005
0
.0000007
.0000007
.0000001
.0000001
.0000009
.0000007
.0000006
.0000006
.0000004
.0000009
0
.0000015
.0000006
.0000014
.0000038
.0000020
-.00000008
.0000007
.0000035
.0000013
.0000032
.0000004
.0000016
.0000020
.0000029
.0000014
.0000011
.0000034
.0000018
.0000035
.0000015
.0000031
.0000024
.0000021
.0000009
.0000008
.0000037
.0000010
.0000006
.0000014
.0000009
.0000007
.0000013
.0000021
.0000018
.0000017
-.0000004
.00000054
.0000004
.0000003
.0000032
.0000020
.0000024
0
-.0000013
.0000011
.0000036
.0000021
.0000001
.0000012
.0000023
.0000002
.0000021
.0000040
.0000002
.0000004
.0000015
.0000013
.0000041
.0000022
.0000030
.0000008
.0000019
.0000020
.00000005
.0000007
.0000007
.0000021
.0000008
.0000039
.0000010
.0000008
.0000020
.0000028
0
.0000018
.0000034
.0000005
.0000047
.0000005
.0000022
.0000014
.0000014
.0000026
.0000014
.0000007
.0000015
.0000032
.0000026
0
.0000024
.0000007
.0000017
.0000012
.0000002
.0000025
.0000028
.0000013
.0000019
.0000039
.0000028
.0000014
.0000025
.0000033
.0000015
