0.3131312
0.2371127
0.168867
0.3843235
0.2485539
0.2865058
0.23647
0.1477925
0.3139524
0.2642357
0.2656971
0.2360858
0.2565979
0.2391683
0.1954297
0.2898421
0.2284766
0.3089431
0.2217102
0.2868572
0.2869501
0.2396177
0.2607288
0.2462918
0.3133578
0.2452223
0.2354551
0.2893282
0.3446811
0.2982189
0.3022151
0.2284718
0.2358469
0.1727778
0.2892694
0.2538067
0.2930259
0.2632127
0.1625624
0.06039881
0.2918762
0.2798808
0.1865969
0.2692365
0.3313769
0.365811
0.2121523
0.1712639
0.293487
0.3156024
0.3395018
0.2768396
0.2878359
0.223775
0.3267216
0.3691298
0.3076652
0.3207142
0.291213
0.3400931
0.2881648
0.3055935
0.2771452
0.1916487
0.1898341
0.2372591
0.2358113
0.2247618
0.2591145
0.2711292
0.2579469
0.1294139
0.2778722
0.3890218
0.3089875
0.3395807
0.2129942
0.2797377
0.2542467
0.3434687
0.2338526
0.1970145
0.1778307
0.1646726
0.1734671
0.1814608
0.2219588
0.1737943
0.2312015
0.1307659
0.3205464
0.3618454
0.2499295
0.2918613
0.2190126
0.2124725
0.3431819
0.3335169
0.2465949
0.2712684
0.2489562
0.1811884
0.1894388
0.2059563
0.2887029
0.2175246
0.275481
0.1342223
0.235682
0.1175939
0.1227978
0.1218554
0.2093272
0.1780471
0.2448045
0.07518987
0.1486951
0.2353663
0.2559126
0.1622242
0.1364547
0.1770173
0.2320359
0.1850905
0.2187376
0.2895862
0.177164
0.1854872
0.2042311
0.1693874
0.08905084
0.1687287
0.2168066
0.1267845
0.1161246
0.1504122
0.219656
0.09947545
0.2477254
0.2279065
0.1888419
0.1857689
0.1435003
0.2611953
0.2016926
0.1458779
0.1754813
0.2329001
0.1622491
0.2300697
0.2404244
0.1393173
0.154332
0.1299171
0.1686725
0.2545348
0.1255491
0.1674692
0.2492064
0.2627215
0.1429166
0.3058046
0.2391202
0.3161857
0.3499408
0.1581236
0.1592624
0.1392174
0.2485341
0.1156023
0.2474577
0.2881875
0.2465433
0.3092863
0.2349316
0.2870005
0.2439227
0.2486912
0.3144275
0.3317299
0.3274419
0.3137155
0.2299931
0.1816336
0.285487
0.2536669
0.3445736
0.3514444
0.3209939
0.329774
0.09678055
0.3188277
0.3057714
0.2355507
0.2548889
0.2873625
0.3473952
0.2763393
0.2723058
0.2364546
0.3461568
0.3129546
0.08912062
0.2382434
0.326631
0.3405356
0.2453153
0.2294355
0.1610829
0.2104096
0.2077231
0.2566566
0.1769283
0.2959149
0.3771827
0.1713664
0.1604453
0.2569786
0.1760733
0.1931618
0.1998873
0.351106
0.3044049
0.2381953
0.1816457
0.3231809
0.1632311
0.1200217
0.3192668
0.3018344
0.3103676
0.2722043
0.2408081
0.2014911
0.2319513
0.3869413
0.3167812
0.2664691
0.2071715
0.2170409
0.327387
0.3058152
0.212298
0.2709178
0.2974408
0.344033
0.2925424
0.2587685
0.2134786
0.304646
0.3050979
0.288783
0.3106179
0.3306454
0.2092848
0.307603
0.2701417
0.2913696
0.2280404
0.3615357
0.2355637
0.3260787
0.1835721
0.2438214
0.3063035
0.3293349
0.2642322
0.2716273
0.2078763
0.2925028
0.1430138
0.2995336
0.2670529
0.2850022
0.2649636
0.1117279
0.2661017
0.184543
0.3249564
0.2151576
0.2335659
0.3746859
0.2125063
0.2594651
0.3173252
0.2947993
0.2545652
0.2590198
0.2141504
0.254919
0.1647222
0.1903108
0.2289647
0.2799635
0.1410731
0.3474324
0.3170606
0.1818382
0.3126981
0.1262055
0.2531237
0.2536538
0.3457078
0.2799628
0.2574097
0.222601
0.2969621
0.2926481
0.1584842
0.2563829
0.2478947
0.1473574
0.2103252
0.2346068
0.2094448
0.09495321
0.3237833
0.2930774
0.3139742
0.2286471
0.2019876
0.2158587
0.3120677
0.1453813
0.1966688
0.286068
0.3447395
0.3193948
0.2866708
0.2427417
0.3032617
0.2231835
0.267352
0.2450426
0.2948649
0.2699174
0.2619406
0.364804
0.1858336
0.2332415
0.3260264
0.3460759
0.2911795
0.2361207
0.2489544
0.2383858
0.248211
0.2146839
0.2198283
0.2652397
0.3227442
0.2305393
0.3789856
0.1514183
0.2753331
0.2410332
0.2341277
0.3256535
0.1992524
1
0.280572
0.3372931
0.3003663
0.3084183
0.3182531
0.3452108
0.1369329
0.3508062
0.3868513
0.3446172
0.1793606
0.3134177
0.2983718
0.1921894
0.09304955
0.2714051
0.4531079
0.3778847
0.4572531
0.1982917
0.427655
0.4154392
0.2699292
0.3172459
0.1580881
0.4432086
0.5157682
0.4086829
0.1984633
0.3485648
0.318649
0.4460205
0.2930944
0.09921847
0.4195756
0.1411352
0.2127499
0.2579048
0.1851601
0.1995891
0.3399535
0.2386952
0.3924299
0.3464962
0.3292513
0.133882
0.2460419
0.3424486
0.4562265
0.2085697
0.3292762
0.1816783
0.3894122
0.3376716
0.2473415
0.3559102
0.2509298
0.4675333
0.4245625
0.3603217
0.3107083
0.3658486
0.3864423
0.302103
0.2255379
0.3656215
0.2848696
0.4168345
0.228806
0.3238271
0.2881756
0.4313375
0.1373544
0.3235142
0.2043782
0.3654631
0.3762991
0.2491105
0.4678256
0.4491935
0.3768735
0.4589548
0.3745751
0.494133
0.3108034
0.2474408
0.3964082
0.2640296
0.2881667
0.2276254
0.1586089
0.2049129
0.1702217
0.4282454
0.3242693
0.2583189
0.3712048
0.3879599
0.4187205
0.4199371
0.3001214
0.3441345
0.1740565
0.3030741
0.3204367
0.4015043
0.2875998
0.4477792
0.4337903
0.2664032
0.2868489
0.4392383
0.4777228
0.3535713
0.4257051
0.2133691
0.4465686
0.1982857
0.2925256
0.2730846
0.567863
0.4327631
0.329968
0.2989985
0.318205
0.2135386
0.220376
0.4349113
0.3286911
0.3593849
0.3182781
0.3640324
0.4009961
0.3141727
0.2410422
0.2745979
0.2613605
0.1104204
0.3235461
0.3705288
0.3819227
0.4165283
0.4452428
0.382232
0.3657662
0.5038417
0.3493669
0.3691898
0.4522539
0.3049196
0.2062038
0.462177
0.29193
0.3299409
0.3112954
0.1721923
0.365608
0.3886552
0.3903874
0.3031764
0.3862974
0.3299598
0.3186641
0.379321
0.3571023
0.3906054
0.2278077
0.3733959
0.4346458
0.3093904
0.3559952
0.2439377
0.435163
0.3027983
0.358104
0.3769099
0.4771283
0.3215034
0.3970252
0.2657383
0.3343769
0.2616454
0.4275185
0.3881699
0.4043866
0.3274724
0.2399494
0.063207
0.4582246
0.4388876
0.2383481
0.3611152
0.4981556
0.4906536
0.2878936
0.2279204
0.3970034
0.3162938
0.4896783
0.263594
0.4635674
0.2250008
0.3999844
0.4715948
0.4508201
0.4680395
0.369434
0.4718993
0.4040802
0.407325
0.3903497
0.2610697
0.2137644
0.2727127
0.2715813
0.2869092
0.2996759
0.3771188
0.3389674
0.2445712
0.3504857
0.4746455
0.3927622
0.4392355
0.2562013
0.3630713
0.3397902
0.3673493
0.2678373
0.2330741
0.2824935
0.2283858
0.2446727
0.237579
0.3008275
0.2333414
0.3285123
0.1922721
0.4047127
0.5080105
0.3292757
0.4370061
0.3509009
0.2795628
0.5445951
0.4009924
0.3072104
0.3522362
0.3751013
0.2341979
0.2052448
0.2573425
0.3461191
0.3165221
0.3000846
0.1798285
0.2777079
0.1273573
0.1562689
0.1434183
0.2880703
0.2633717
0.3301562
0.1019575
0.1927917
0.4061094
0.3396542
0.1962168
0.1815976
0.2119616
0.283675
0.2255825
0.2414298
0.3680742
0.1962805
0.2418626
0.3098653
0.2326311
0.1240409
0.2227357
0.2328641
0.144093
0.159216
0.1982526
0.2677266
0.1050991
0.2650946
0.2259116
0.2030003
0.1904079
0.2119362
0.4080349
0.2420206
0.2233219
0.2470802
0.3736266
0.2148863
0.3263683
0.3617317
0.1857063
0.1674507
0.1976792
0.2597052
0.3298457
0.1475196
0.2134434
0.3079167
0.2854133
0.1951617
0.4607665
0.3548566
0.4959425
0.4774411
0.2026045
0.1863469
0.2124346
0.3413471
0.1501755
0.2849576
0.309854
0.3108554
0.3688521
0.2277634
0.3598344
0.3895317
0.3027095
0.3135034
0.3898022
0.3597989
0.4554655
0.2968604
0.2380252
0.4496783
0.2890239
0.4013935
0.4410404
0.4057594
0.51818
0.1043065
0.4090201
0.3703806
0.3238723
0.3306169
0.3973671
0.410962
0.3707808
0.3622394
0.3642845
0.38662
0.5119356
0.1198978
0.3689477
0.476904
0.4306433
0.3184209
0.2849093
0.198454
0.2491067
0.2384146
0.2709034
0.2176713
0.3211505
0.4841219
0.1871647
0.1804913
0.3055165
0.1782479
0.2662068
0.238416
0.5962704
0.3337482
0.2512995
0.17913
0.4008579
0.188506
0.1483408
0.2818964
0.2716298
0.4491754
0.3671669
0.3298102
0.1944382
0.3204912
0.5070097
0.4425816
0.369478
0.3070991
0.2535588
0.4371739
0.453279
0.2666596
0.3750221
0.3172025
0.4871876
0.4454134
0.373562
0.2416244
0.4336524
0.3360589
0.2550362
0.3411543
0.3879423
0.2300657
0.3128902
0.2504574
0.3381544
0.3141616
0.4386309
0.2490461
0.4492342
0.2287263
0.3112427
0.3848252
0.3870675
0.348735
0.3709617
0.2788388
0.3084106
0.2400032
0.4191242
0.305982
0.3703298
0.3374736
0.1514565
0.3581699
0.2641006
0.4503834
0.2728027
0.226532
0.4926785
0.274098
0.3512822
0.4010798
0.4060616
0.3791812
0.2713924
0.1959399
0.2942751
0.1937711
0.2126408
0.2968895
0.3396174
0.185472
0.4191621
0.4110063
0.1901215
0.3228806
0.1494056
0.2580456
0.3232618
0.4351799
0.3076246
0.2887551
0.2947889
0.3267457
0.4069399
0.2308142
0.2817438
0.278662
0.200128
0.2576774
0.2430479
0.2760921
0.1155672
0.457166
0.3485399
0.3379018
0.2079305
0.2284407
0.2557513
0.3745787
0.1724674
0.2237351
0.3076423
0.4398527
0.4122405
0.3458094
0.3156397
0.396971
0.270733
0.4138711
0.325665
0.2714952
0.346697
0.3757274
0.4601587
0.2251863
0.238533
0.4474079
0.540661
0.4570014
0.2825782
0.2507851
0.3004074
0.324337
0.1819457
0.232836
0.3549662
0.3233739
0.3362139
0.5034683
0.2305792
0.3272545
0.2569564
0.2656266
0.5095861
0.2792149
1
0.240619
0.2126261
0.2177137
0.2279608
0.2586653
0.1061766
0.2601697
0.2465016
0.2480461
0.1378191
0.2284366
0.1988233
0.1472459
0.08925468
0.2360821
0.2792255
0.266314
0.2755825
0.1759517
0.2712586
0.2957144
0.200443
0.2328049
0.1116781
0.2742281
0.3374601
0.2646572
0.1244518
0.2380896
0.2373098
0.299777
0.2280716
0.08370688
0.2524462
0.1173901
0.1798932
0.1778554
0.1343077
0.1488335
0.231071
0.1544867
0.2883124
0.2446363
0.246736
0.08342157
0.1488492
0.2079829
0.2650157
0.1750247
0.2250585
0.1622192
0.2345237
0.2472084
0.1835565
0.2521305
0.228749
0.3058806
0.2339602
0.2275366
0.2212601
0.2458017
0.2932739
0.2573908
0.1785811
0.2414231
0.2001574
0.279935
0.1599424
0.2307806
0.2261078
0.2882638
0.1182062
0.282841
0.1229217
0.2171291
0.2678284
0.1872267
0.2907441
0.3143369
0.2619021
0.2887627
0.2710962
0.2956729
0.1941314
0.220122
0.210904
0.2159211
0.2163285
0.2000127
0.1297599
0.1627828
0.140717
0.2866503
0.2382796
0.1706023
0.2301773
0.2659226
0.2785973
0.2827615
0.2244182
0.1998808
0.130283
0.1912383
0.1959664
0.2809418
0.2007712
0.2644767
0.2838948
0.2286261
0.2056136
0.2693876
0.3101387
0.2044164
0.2357019
0.1685364
0.305657
0.1742822
0.1981195
0.1693686
0.3139357
0.2625267
0.2378121
0.192401
0.2163579
0.2063513
0.1952908
0.3309157
0.239933
0.2161143
0.202728
0.2391779
0.2701422
0.2338756
0.1843192
0.1981401
0.2030079
0.09191469
0.2153514
0.2415092
0.2723009
0.2921153
0.2782953
0.2283583
0.2318061
0.3100276
0.2695764
0.2516638
0.2706917
0.2217877
0.1679947
0.3069574
0.2534842
0.2348166
0.2091265
0.1509108
0.2778123
0.2357643
0.231954
0.2159829
0.2386053
0.2120228
0.2262407
0.239231
0.2334547
0.2874664
0.1795458
0.2700389
0.3057605
0.2253197
0.2366016
0.1933085
0.292087
0.2296141
0.2195098
0.2523748
0.2971159
0.2492196
0.2557829
0.2011596
0.2329544
0.1674756
0.2609073
0.2422116
0.24979
0.2340626
0.1536884
0.06091663
0.2610981
0.2551983
0.1840451
0.2205538
0.3393707
0.3239534
0.2013511
0.1598989
0.2820511
0.2732245
0.3061402
0.2233762
0.2619998
0.2016368
0.277112
0.3056105
0.2526856
0.3012696
0.2317578
0.2901689
0.296283
0.2691628
0.2179619
0.1901634
0.1668902
0.2228993
0.1975117
0.2381183
0.2218414
0.2284461
0.2363752
0.1519376
0.2196797
0.3177563
0.2899146
0.3017668
0.1935807
0.2666049
0.2439621
0.2575875
0.2030015
0.1733516
0.1664728
0.1656161
0.1538994
0.1544477
0.216393
0.1784645
0.2092777
0.1193299
0.2660607
0.3368842
0.2356519
0.2642932
0.2160042
0.2071613
0.3275836
0.2863139
0.2194886
0.2504025
0.2439097
0.2022744
0.1538069
0.1831445
0.2341841
0.199203
0.225209
0.132607
0.20442
0.1029937
0.1157121
0.1309634
0.2107608
0.1704062
0.2170066
0.07497885
0.1363824
0.2452148
0.2427967
0.1604973
0.1382457
0.1593488
0.2026351
0.1612218
0.2106535
0.2778152
0.1593716
0.1941905
0.2201664
0.1697262
0.09706139
0.1663162
0.1920531
0.1164485
0.1133911
0.162379
0.2085272
0.08804411
0.222375
0.1838787
0.1758815
0.1748135
0.1247421
0.2670747
0.1753582
0.1495566
0.1645985
0.2333929
0.1746594
0.221556
0.2592193
0.1508459
0.1467989
0.1407153
0.1720863
0.214336
0.1176751
0.1550541
0.2241682
0.2236648
0.1484974
0.2926323
0.253361
0.3065522
0.2995441
0.1696367
0.1347554
0.136853
0.2354618
0.1209249
0.2290199
0.2511391
0.2380816
0.2657335
0.1856117
0.2315083
0.2571194
0.2165043
0.2315161
0.2882093
0.2689518
0.2699921
0.2180175
0.1873204
0.267406
0.2062427
0.274498
0.3110118
0.301569
0.2884589
0.08896837
0.2943862
0.2727594
0.2165348
0.2399502
0.2722414
0.3172187
0.2367452
0.2479068
0.2129837
0.2685724
0.3115507
0.09325874
0.2684034
0.2929959
0.2825914
0.1959392
0.2059257
0.1625782
0.1988791
0.188861
0.2160786
0.1755858
0.252295
0.3016496
0.1675762
0.160586
0.2158375
0.1544199
0.2014274
0.2108602
0.3440507
0.2441314
0.2100266
0.1683047
0.2757149
0.1713046
0.1183364
0.2340589
0.2405603
0.2736515
0.2531227
0.1995556
0.1742063
0.2139224
0.3246683
0.2794353
0.2538086
0.1852136
0.2126213
0.2818894
0.2678814
0.201943
0.2571799
0.2474133
0.3137107
0.2722891
0.2324837
0.2000932
0.2621866
0.2673442
0.2127331
0.2388633
0.2717961
0.1946344
0.2533333
0.2040895
0.2569092
0.2109576
0.2830166
0.1855547
0.3009383
0.1597618
0.2123427
0.2546293
0.2706925
0.2393872
0.2268752
0.2005737
0.2382613
0.1340269
0.2534643
0.2431861
0.2490167
0.2250385
0.1138649
0.2273085
0.1982767
0.2904114
0.1806328
0.2123098
0.3128045
0.1809174
0.2296603
0.2770671
0.2605215
0.229239
0.2061707
0.1780906
0.2135268
0.1493938
0.1831794
0.2244988
0.2529677
0.1377689
0.2810224
0.2868437
0.1613823
0.2539917
0.1237035
0.1969544
0.2228207
0.2909656
0.2469326
0.2103945
0.2118255
0.2420047
0.2599029
0.1672739
0.2336055
0.2199957
0.1463161
0.1957747
0.1966112
0.1930621
0.08855898
0.2882266
0.2566403
0.2436496
0.1737478
0.1784604
0.1740072
0.2593038
0.1342087
0.166828
0.2249402
0.3171679
0.2780329
0.2337175
0.2328964
0.2705488
0.1977541
0.241009
0.2430294
0.2171866
0.260756
0.2524268
0.3314679
0.1606831
0.185603
0.2829938
0.3510721
0.2687781
0.2132348
0.1968757
0.2430137
0.2099514
0.1590939
0.1787499
0.2667046
0.2392339
0.246093
0.3261147
0.1676922
0.2410488
0.216891
0.2070557
0.3152201
0.201977
1
0.2833785
0.2697584
0.2618215
0.3189788
0.1402786
0.3173415
0.3510713
0.2903977
0.1652297
0.244458
0.2383685
0.1804996
0.1105375
0.2878448
0.3656999
0.3390942
0.3740449
0.1864142
0.3587735
0.426943
0.2436878
0.2774494
0.1553481
0.3837976
0.452271
0.3891167
0.1333598
0.3004963
0.2748916
0.3724153
0.2349383
0.1028174
0.334403
0.1376364
0.2242414
0.1953789
0.1503856
0.2105173
0.3158185
0.212454
0.3607473
0.2636724
0.367199
0.120362
0.1781783
0.2483944
0.3492907
0.1881117
0.2962187
0.1872829
0.3203468
0.3242292
0.2335024
0.3346964
0.2519915
0.4330364
0.2670663
0.2869336
0.2642792
0.2915911
0.3812733
0.2597204
0.2518744
0.2983782
0.2384572
0.365309
0.1875193
0.3040977
0.2784043
0.366212
0.1201345
0.3321106
0.1405812
0.2376795
0.3447167
0.2176696
0.3625473
0.3804319
0.3276721
0.366507
0.3244706
0.3329781
0.230175
0.2294078
0.294099
0.2200513
0.2506216
0.2484329
0.1775202
0.1765564
0.1618042
0.3494736
0.2778368
0.2110581
0.3018176
0.3794475
0.3296449
0.3793641
0.2717463
0.2314632
0.1755872
0.2549681
0.2605105
0.3621517
0.2322164
0.3472003
0.3560201
0.2861694
0.2805104
0.3463516
0.4270614
0.2739191
0.3036621
0.1979675
0.4019018
0.2700176
0.2041365
0.2275979
0.4445848
0.3084134
0.2869342
0.2233474
0.2649315
0.202611
0.2268673
0.4561904
0.2598816
0.265226
0.2515878
0.3308301
0.3634894
0.2912313
0.2270315
0.2123183
0.2245246
0.119046
0.2775875
0.3279991
0.3305346
0.3951177
0.3778924
0.2892365
0.275429
0.4490381
0.3411441
0.3161849
0.3473221
0.2333997
0.2037151
0.4287169
0.2918496
0.2986051
0.2547039
0.1541299
0.3748208
0.3265752
0.3126078
0.2833564
0.2762964
0.2707126
0.27493
0.3153319
0.3522265
0.3535425
0.2217761
0.3535043
0.4114867
0.3029566
0.3849553
0.229111
0.3671131
0.2897195
0.2725924
0.3063061
0.3499472
0.2805288
0.3395115
0.2826772
0.3148875
0.2127879
0.3406982
0.3138743
0.3263131
0.2831199
0.1619765
0.07393985
0.341475
0.3553308
0.2030823
0.3004199
0.457514
0.4804689
0.2584138
0.1946769
0.3594528
0.3640394
0.4094542
0.2613981
0.324568
0.2645938
0.3595588
0.4409129
0.3612593
0.4341153
0.2830951
0.4385547
0.3933398
0.3749968
0.2676125
0.2016336
0.1745677
0.2621869
0.2234486
0.2685241
0.2656011
0.2687919
0.2860951
0.2105662
0.2983806
0.3963373
0.393305
0.3866119
0.2064212
0.2844331
0.305683
0.3037674
0.2367093
0.2679067
0.1872329
0.1710149
0.1655724
0.2287342
0.2219323
0.2282238
0.2641699
0.1586982
0.3683599
0.5002515
0.28045
0.3641775
0.2275019
0.259259
0.4303404
0.3506355
0.3025576
0.3192447
0.3202292
0.2435423
0.1855353
0.2062226
0.2943955
0.255615
0.2746484
0.1783436
0.2198328
0.1394877
0.1606626
0.1557567
0.2414748
0.2119082
0.2520981
0.08706832
0.1674328
0.309403
0.2905564
0.2198042
0.1797765
0.1943964
0.2447079
0.2129932
0.2346707
0.3502899
0.211157
0.2107079
0.2761014
0.2117993
0.1071427
0.2433793
0.2197621
0.1189499
0.1242598
0.2060794
0.2346895
0.1076735
0.2324295
0.2656065
0.1969458
0.1930116
0.1622849
0.3003551
0.2247257
0.1809126
0.1882211
0.3225517
0.2017666
0.2669377
0.2861107
0.1646372
0.1970279
0.1839846
0.1973654
0.2992396
0.1514142
0.1984917
0.2736184
0.2972862
0.1797549
0.3954438
0.29475
0.3919468
0.4077501
0.1918641
0.1809725
0.196751
0.3003933
0.1340795
0.2456677
0.3314908
0.2993838
0.315561
0.2352808
0.3079013
0.3178767
0.2699847
0.2594404
0.3456829
0.2896765
0.3944029
0.2677548
0.1940081
0.3627648
0.262849
0.3244333
0.4324781
0.3572888
0.3816837
0.09621869
0.4093874
0.2850962
0.2617204
0.2782189
0.3536902
0.4431614
0.300728
0.2747851
0.2727194
0.3231538
0.4351034
0.1041832
0.3124146
0.4231729
0.398937
0.2395397
0.2598549
0.186829
0.2309755
0.2223602
0.2449038
0.1949552
0.3371399
0.4069078
0.164725
0.1554309
0.2550023
0.2075848
0.2185038
0.2220612
0.458717
0.2900472
0.2289414
0.1595193
0.3789128
0.1657146
0.1293405
0.2597331
0.2703729
0.3948405
0.3839281
0.2692609
0.2010304
0.2313636
0.4488924
0.3566161
0.2869788
0.242495
0.2179612
0.3417682
0.3342934
0.2309217
0.3513242
0.2982411
0.4348079
0.3601242
0.2822873
0.2469025
0.3627152
0.3487102
0.2399197
0.3162307
0.3156381
0.2275853
0.2693881
0.2734996
0.3266978
0.2493231
0.3724453
0.2235062
0.3918806
0.2223583
0.2353758
0.2882234
0.338347
0.3361854
0.2790489
0.232247
0.2826072
0.1822174
0.3310949
0.3350147
0.3196955
0.2650477
0.1399111
0.311999
0.2428491
0.3604563
0.2266363
0.2793767
0.4258395
0.2559273
0.2961571
0.348145
0.3730453
0.3055232
0.2586903
0.201008
0.264606
0.1570113
0.1841421
0.273302
0.3086645
0.1671716
0.3798753
0.3784645
0.1571241
0.2818831
0.1377459
0.2368198
0.2645375
0.3809995
0.2928572
0.2295675
0.2764681
0.3151857
0.2847163
0.2103437
0.2624551
0.3216208
0.1934429
0.2399119
0.2398034
0.2351731
0.09457752
0.3487472
0.3128033
0.2873359
0.1583541
0.2363428
0.2091456
0.3826307
0.1593662
0.233685
0.254296
0.4018183
0.3886568
0.3259987
0.2758995
0.4195895
0.2601673
0.3351666
0.3514092
0.2182228
0.3174548
0.3541919
0.4470979
0.2093958
0.2016747
0.3956403
0.5040977
0.361646
0.245402
0.2139871
0.3036892
0.3159259
0.1578362
0.2275301
0.3415404
0.2870722
0.2891627
0.4513301
0.1887564
0.2754319
0.2361179
0.2291421
0.4522535
0.2638828
1
0.2466439
0.2232462
0.3446346
0.114058
0.2468862
0.3870478
0.2687291
0.1143291
0.2179789
0.2634323
0.1546589
0.07555039
0.2674163
0.3589574
0.2877052
0.3769047
0.1553472
0.3742887
0.3652663
0.2514084
0.3025581
0.1223588
0.3548494
0.4041111
0.3718941
0.1350685
0.2801325
0.2740469
0.3181294
0.2051275
0.08152241
0.3292052
0.1135806
0.1724558
0.1922391
0.1082764
0.1874363
0.2428666
0.1493683
0.3174545
0.2454183
0.2028895
0.08893561
0.1300648
0.1811137
0.3441816
0.1908837
0.2652863
0.118944
0.3316612
0.2916128
0.2648885
0.2769184
0.2374912
0.303745
0.2253451
0.2251981
0.2233079
0.2527117
0.29134
0.182061
0.2496119
0.2652951
0.2423913
0.3283588
0.1780893
0.2336554
0.2314711
0.3173576
0.08764672
0.2619897
0.1025514
0.2388413
0.2717952
0.2236868
0.316551
0.3017083
0.3209145
0.3621714
0.2483782
0.3022338
0.2464505
0.1974416
0.3439301
0.1981499
0.2691059
0.2391266
0.176243
0.1708365
0.1277252
0.3270874
0.2289245
0.2021179
0.277316
0.2985703
0.3652841
0.3062755
0.2998106
0.1726844
0.1475912
0.2193471
0.2165751
0.3294417
0.2296464
0.336404
0.3532587
0.2721598
0.2772237
0.366183
0.3859581
0.3616366
0.3303996
0.129107
0.3281791
0.1475345
0.2622987
0.175244
0.3967412
0.3636358
0.2682266
0.172994
0.2505412
0.1366645
0.1739088
0.2891162
0.2508071
0.3186211
0.2296177
0.3438538
0.3266389
0.2873316
0.2121626
0.2155372
0.1915854
0.1070304
0.2672601
0.2243487
0.3298474
0.2857324
0.3500898
0.3211344
0.2741394
0.4137088
0.2715419
0.3349902
0.3665923
0.2374717
0.1555241
0.3238912
0.255075
0.3221209
0.2727278
0.1466393
0.2566557
0.3034488
0.2608098
0.2842296
0.2857987
0.3248326
0.2485253
0.3147087
0.330747
0.314739
0.2923592
0.3213865
0.3809919
0.2914597
0.2881765
0.1870764
0.3709004
0.321604
0.2334
0.2953282
0.3266859
0.2764716
0.3075599
0.3121075
0.2866063
0.1488462
0.3564109
0.2971549
0.3588016
0.2652106
0.17669
0.06444648
0.356232
0.3051403
0.2149318
0.2809323
0.3632356
0.3616289
0.2375376
0.186211
0.2781446
0.2876759
0.3899858
0.1986186
0.3140295
0.2266755
0.3686765
0.3446398
0.3626428
0.3382962
0.3090787
0.3843831
0.2555602
0.3395275
0.3282278
0.1935048
0.1528712
0.2572302
0.2177633
0.2477894
0.2139789
0.2505259
0.2437661
0.1268661
0.2764413
0.3427096
0.348837
0.3634971
0.1764628
0.2728291
0.2761704
0.3067609
0.1769671
0.1702526
0.1744477
0.195798
0.1609802
0.1292214
0.2132994
0.2008662
0.2064211
0.115944
0.3184213
0.3687679
0.2701165
0.3668219
0.2014502
0.2594022
0.3941463
0.319719
0.2581424
0.294116
0.2646037
0.1976554
0.1670439
0.2250643
0.2941447
0.2185798
0.2559135
0.1147619
0.2269185
0.1143423
0.1319917
0.1123589
0.2339823
0.1795781
0.303234
0.07151845
0.1352288
0.2546323
0.2767097
0.1493572
0.1720821
0.1478271
0.2699486
0.1796778
0.1886507
0.2931001
0.1271029
0.1967449
0.2471985
0.1547108
0.08544449
0.1609148
0.2247388
0.097409
0.1006095
0.1398107
0.2362371
0.07339744
0.2315442
0.2452927
0.1910978
0.1562047
0.101891
0.2453409
0.1531944
0.1674656
0.1418819
0.2581045
0.1396104
0.1978602
0.2124729
0.141583
0.1290045
0.1301177
0.16323
0.2476194
0.1031754
0.1479389
0.2160096
0.2832541
0.1241983
0.3522262
0.232476
0.3352105
0.3657399
0.1797494
0.1466816
0.1356247
0.2859782
0.1050574
0.2461827
0.3161343
0.2575926
0.2986709
0.2787183
0.274513
0.2957881
0.2525545
0.2420705
0.2693733
0.2654518
0.3460957
0.2297438
0.1887936
0.3242963
0.2571183
0.310299
0.3031936
0.3281579
0.4322542
0.07702337
0.37925
0.2793078
0.2610562
0.218687
0.3116105
0.3024274
0.2813064
0.3255153
0.3079683
0.2827297
0.4021301
0.1189795
0.2640428
0.3507565
0.3652972
0.275249
0.2516875
0.2111755
0.2452686
0.2103514
0.254875
0.1851358
0.3229211
0.3587053
0.1395263
0.1349161
0.2816222
0.2049921
0.1851486
0.2217689
0.3884823
0.2728496
0.2057858
0.1423376
0.3213248
0.1616936
0.1154263
0.2226301
0.2807854
0.3521429
0.329945
0.2987409
0.1457389
0.3020907
0.3976047
0.3817217
0.2806473
0.275359
0.2486272
0.3404494
0.3513675
0.2212085
0.3203629
0.2875533
0.3858508
0.3304391
0.294964
0.2309345
0.308094
0.2172838
0.2942375
0.2716241
0.2467522
0.2255002
0.3060465
0.2049947
0.3173077
0.2310843
0.2879221
0.1629519
0.349044
0.2306147
0.2625074
0.2863375
0.3088881
0.2249542
0.2961287
0.2338534
0.2676039
0.1753213
0.3385961
0.331607
0.3417335
0.3270594
0.1134903
0.3255694
0.2354751
0.3154474
0.1663588
0.2687254
0.3934982
0.2524502
0.2930368
0.355496
0.343867
0.2888995
0.2440969
0.1947053
0.3136988
0.1543068
0.1546333
0.2548684
0.2844223
0.1114991
0.294972
0.3403773
0.1654377
0.2731151
0.1369548
0.1766815
0.1994393
0.3062476
0.264531
0.2063965
0.2656287
0.2848709
0.3199043
0.1546525
0.237162
0.3223826
0.1338124
0.2270363
0.2498593
0.2307751
0.08267535
0.401081
0.3163899
0.2658033
0.1356149
0.2285556
0.1752695
0.2577375
0.1313621
0.2616986
0.2915807
0.3259512
0.3325995
0.3004682
0.2887619
0.3368553
0.2690275
0.369908
0.349574
0.2064082
0.2610474
0.2839029
0.3686936
0.178272
0.1780007
0.3747612
0.4028809
0.3756613
0.2335474
0.1627925
0.2626599
0.2836495
0.1599714
0.2413884
0.2821054
0.2539285
0.1795409
0.3859568
0.184888
0.2152781
0.2367051
0.2307661
0.3893944
0.2363922
1
0.3050509
0.2937241
0.1160055
0.3135456
0.3330621
0.2969684
0.1350185
0.2603371
0.252103
0.1698404
0.07205777
0.2966245
0.3647325
0.3578307
0.3666656
0.2097889
0.3552563
0.3369275
0.2461643
0.3199555
0.1155015
0.3512369
0.4035935
0.3464647
0.1181542
0.2862764
0.2552195
0.34498
0.1989774
0.08589465
0.3147444
0.1254397
0.1558368
0.2221669
0.1050858
0.1890968
0.2939402
0.1634371
0.3253973
0.2744912
0.2287385
0.0863152
0.1661401
0.2707599
0.3337854
0.204519
0.283922
0.127897
0.3245985
0.3030246
0.2313603
0.2882064
0.233596
0.3086971
0.2429185
0.2597379
0.2238396
0.2555392
0.3345181
0.1839025
0.2166428
0.2708425
0.2459017
0.3423503
0.184135
0.2570517
0.2292267
0.3604378
0.08722726
0.2657359
0.1031348
0.2729499
0.3247396
0.2278593
0.3530341
0.3264909
0.3352143
0.3635351
0.2891709
0.3427496
0.2659307
0.1796295
0.3165076
0.2547345
0.2804657
0.2314269
0.1572449
0.1742968
0.1331905
0.3270837
0.2767477
0.1926494
0.2950871
0.276976
0.361726
0.3591317
0.2878136
0.2203678
0.1363551
0.257013
0.2477352
0.3413735
0.2558203
0.3476781
0.3444493
0.2796029
0.2725839
0.3707054
0.3793436
0.3149923
0.3285287
0.1369622
0.3534664
0.1422027
0.2497373
0.193627
0.3919681
0.3396224
0.2434808
0.1975742
0.2595266
0.1420801
0.1660861
0.3078973
0.2551565
0.3041966
0.2448664
0.312133
0.3314207
0.2993159
0.2172923
0.2133615
0.2075351
0.1047702
0.2585526
0.2669761
0.3730976
0.3260387
0.362776
0.3384694
0.2877883
0.3943581
0.273958
0.2764876
0.3673933
0.2656914
0.1445548
0.3612273
0.2356481
0.3043474
0.270795
0.1382665
0.286158
0.3035625
0.3027589
0.2437638
0.2813458
0.2631275
0.2344624
0.3331257
0.2485543
0.3283363
0.234723
0.3382243
0.317007
0.2390477
0.3007396
0.1995933
0.3415645
0.267353
0.2573894
0.3085271
0.3533712
0.2892213
0.3097204
0.2462111
0.2657993
0.1694209
0.3334037
0.2780862
0.3143256
0.285782
0.1816331
0.05932706
0.3337162
0.3159608
0.1984
0.2816051
0.3607638
0.402093
0.2584363
0.1918002
0.2917866
0.2867728
0.3806049
0.2593042
0.3388072
0.2142463
0.3703892
0.3596111
0.3634016
0.3206344
0.3328232
0.3724604
0.2659082
0.3152174
0.3048318
0.1701115
0.1561805
0.2565383
0.2551971
0.2391648
0.249327
0.286541
0.3040406
0.1141278
0.3004587
0.3795468
0.3086841
0.372835
0.1666554
0.2776704
0.2521122
0.317127
0.204921
0.2104432
0.2311058
0.1903318
0.1805026
0.1273835
0.2153034
0.1703969
0.268208
0.1082796
0.3413776
0.3724498
0.2597011
0.3404043
0.2618791
0.219263
0.3674398
0.2843108
0.2426648
0.2781515
0.245107
0.164291
0.1823355
0.2268131
0.3222602
0.248658
0.2634398
0.1190511
0.2501096
0.1163319
0.124901
0.1120479
0.2131608
0.179151
0.2669319
0.07022433
0.1392899
0.2316231
0.2644505
0.1563606
0.1421844
0.1641859
0.2435874
0.1599185
0.1921067
0.2833466
0.1473746
0.1801397
0.2254428
0.1683689
0.07693258
0.1446366
0.2181354
0.1222933
0.116022
0.1298148
0.2363747
0.0805897
0.2306651
0.2165451
0.18853
0.1707052
0.1108358
0.2769003
0.1881234
0.1459826
0.1677399
0.2464423
0.1302797
0.2218686
0.2399974
0.1377274
0.1224996
0.1030422
0.1815482
0.2397536
0.1039738
0.1345151
0.2090216
0.2489391
0.1307494
0.3472078
0.2601204
0.331025
0.3893186
0.1652487
0.1515463
0.1144649
0.2534409
0.1134497
0.261895
0.2805934
0.2639978
0.2925725
0.2220963
0.3054347
0.2495662
0.2662325
0.3024282
0.3004398
0.3260064
0.3341878
0.2061924
0.1758615
0.3138645
0.2494987
0.3420469
0.329176
0.3319736
0.3818789
0.09165687
0.3427498
0.3020532
0.2254583
0.2487126
0.3192877
0.3375321
0.2878208
0.2788255
0.29186
0.323541
0.3700019
0.09556979
0.2182108
0.3600386
0.3668314
0.2990339
0.2527862
0.1913299
0.2322267
0.2213841
0.2796833
0.2083384
0.2804591
0.3771457
0.1406142
0.134279
0.2926038
0.1716868
0.2064105
0.2070342
0.3815005
0.265857
0.219101
0.1590548
0.3311611
0.153665
0.09640045
0.2649525
0.2590906
0.3399818
0.2808166
0.2834294
0.1858526
0.2526543
0.4008957
0.3602602
0.2660937
0.2290219
0.2353049
0.3404497
0.3347385
0.2086849
0.2784707
0.2661589
0.365465
0.3056286
0.2891687
0.2126162
0.2998157
0.2313965
0.2753325
0.2729954
0.3343856
0.2166763
0.2845657
0.2407433
0.2888475
0.2333394
0.3257408
0.194183
0.3352093
0.2087027
0.2642267
0.323319
0.3171139
0.2253297
0.293849
0.1981337
0.2954474
0.153594
0.3408898
0.2744444
0.2991093
0.2858277
0.1089378
0.2866459
0.2082377
0.3390797
0.2203392
0.2299188
0.3951611
0.2293641
0.321385
0.3265791
0.3302894
0.3025148
0.2478662
0.2009105
0.2726217
0.1701922
0.1532101
0.2220495
0.2676949
0.1241858
0.3515909
0.3392786
0.1886622
0.3044505
0.1255833
0.2238526
0.2784034
0.333076
0.2726576
0.2396383
0.2488716
0.2734013
0.3377706
0.1461825
0.2658398
0.26619
0.1231541
0.2312119
0.2327721
0.2213554
0.08382211
0.3716408
0.3007153
0.3197386
0.1689633
0.2143464
0.1762388
0.2851949
0.1462414
0.2146619
0.277453
0.3266288
0.3762403
0.2938025
0.2569022
0.3239448
0.2066345
0.3311958
0.2669778
0.2525679
0.2565846
0.2812299
0.3573602
0.1818593
0.2054672
0.361672
0.3769243
0.334921
0.2344833
0.2003171
0.2601694
0.2358403
0.1849902
0.2094379
0.2450664
0.2723725
0.1813626
0.3663751
0.163448
0.2837437
0.2539056
0.2359595
0.3646878
0.2261448
1
0.3361563
0.12544
0.3963896
0.3282481
0.3069381
0.1710085
0.2966718
0.2211527
0.1504865
0.08036424
0.3542378
0.4095066
0.4611612
0.4121524
0.2874095
0.396831
0.3596001
0.2338804
0.3771607
0.1250985
0.3992821
0.4996098
0.3960379
0.128988
0.2576763
0.3288509
0.4491931
0.2282347
0.1058636
0.3630896
0.1573522
0.1850017
0.3527745
0.1267058
0.1996237
0.3856629
0.1748912
0.3844013
0.3867452
0.3469551
0.1087032
0.1761385
0.4229458
0.391533
0.2066013
0.3572667
0.1773506
0.3036481
0.3050863
0.2227894
0.2613371
0.3615127
0.3950168
0.2810112
0.4001492
0.2317384
0.2595531
0.3956234
0.3074416
0.2082325
0.3491138
0.2325429
0.3885592
0.1766474
0.3744859
0.2267912
0.5006932
0.1180399
0.2867055
0.1496397
0.2951142
0.4713368
0.1868656
0.4837265
0.4958984
0.4602666
0.4653132
0.3952265
0.4363404
0.2621411
0.1953342
0.340273
0.3391966
0.2824961
0.2467829
0.140005
0.1680305
0.1240253
0.3828458
0.2687993
0.1772883
0.3214051
0.3700024
0.4302228
0.4912712
0.2918074
0.3310111
0.2045648
0.3088331
0.2771365
0.4024813
0.2812081
0.4050246
0.4212308
0.3195812
0.3498787
0.4244992
0.4546682
0.3224144
0.3580935
0.1687255
0.4773398
0.174152
0.2800107
0.2751583
0.4422443
0.4372806
0.2221564
0.2115198
0.2537802
0.1800036
0.251712
0.4195098
0.3618286
0.3121074
0.3215179
0.3298139
0.2921883
0.3368961
0.2137388
0.3059531
0.254407
0.1324315
0.336907
0.4638968
0.4385941
0.4697963
0.3948779
0.3712418
0.3020962
0.4233123
0.3127301
0.2769207
0.4286475
0.2714972
0.142879
0.4771832
0.2678588
0.3144171
0.2925502
0.1487241
0.3582943
0.2924084
0.3610353
0.2486585
0.3050741
0.2275198
0.2072204
0.393227
0.2415016
0.3497564
0.2216852
0.3714976
0.3485027
0.2521584
0.2975746
0.3031416
0.3759424
0.2665133
0.2905973
0.373895
0.4627351
0.3240024
0.3024199
0.2226393
0.2286878
0.243771
0.3507942
0.251633
0.3061802
0.2708034
0.1553809
0.06901603
0.367635
0.3118382
0.1799916
0.3012628
0.4218763
0.4370573
0.2222185
0.1855726
0.3401184
0.3315801
0.456163
0.371885
0.3613084
0.2594463
0.3896961
0.4524216
0.3966723
0.3659883
0.3591725
0.3591987
0.3513141
0.3165424
0.3181506
0.1924481
0.2154982
0.2682399
0.2623152
0.1973756
0.291071
0.3550882
0.3192541
0.1380845
0.3479287
0.5307232
0.3362348
0.4014533
0.2660121
0.3310101
0.3345666
0.4187594
0.2787227
0.210041
0.2646238
0.1838617
0.2037253
0.1573062
0.2399732
0.1565964
0.2570272
0.1360412
0.3464767
0.3619143
0.2803078
0.3770415
0.2776521
0.2200538
0.4457909
0.2852737
0.2735455
0.268674
0.258947
0.1824465
0.2188599
0.1777194
0.342388
0.3241411
0.3614585
0.1288188
0.2621521
0.1325714
0.1380274
0.1349865
0.2435087
0.2278316
0.2341026
0.08170952
0.1640693
0.2832393
0.2886559
0.1917406
0.1498297
0.1958385
0.2448644
0.1941557
0.2469869
0.2920095
0.1848356
0.2032541
0.2269536
0.216981
0.09013777
0.1842066
0.2365229
0.154797
0.1347982
0.1708125
0.2283138
0.09402322
0.2785116
0.2349379
0.1956925
0.2385906
0.1358496
0.3591348
0.2567211
0.1522288
0.1757885
0.2407041
0.1564211
0.3633768
0.268042
0.1818247
0.1521516
0.1387799
0.1927247
0.3098621
0.1337058
0.1851113
0.2891184
0.259458
0.1653132
0.3664884
0.2645911
0.3997838
0.4672924
0.1533292
0.1789595
0.1340493
0.2763334
0.1243229
0.3004522
0.3123064
0.2595511
0.3343756
0.2380594
0.394152
0.2536387
0.3341074
0.42015
0.466994
0.4311092
0.3088017
0.2167632
0.1707387
0.3811634
0.3291949
0.4293953
0.4699967
0.4075156
0.439166
0.09571598
0.3710903
0.4247392
0.2039029
0.282375
0.3269983
0.4926084
0.2931572
0.3405283
0.3012511
0.4854025
0.4124087
0.09878718
0.2601961
0.4206214
0.3593853
0.275158
0.2584516
0.1447696
0.2082292
0.240902
0.2968543
0.2165717
0.2665244
0.4433734
0.157171
0.1475241
0.3227576
0.1680556
0.1944607
0.2191267
0.416073
0.4141488
0.2545243
0.2278922
0.3818237
0.1626827
0.1268418
0.3459218
0.3398718
0.3986506
0.3508276
0.287714
0.2175088
0.2381066
0.4569343
0.4176816
0.2789437
0.2726426
0.2302172
0.4453331
0.4071602
0.2550982
0.3259003
0.3099187
0.4464093
0.3306987
0.3143067
0.2335868
0.3562079
0.3197555
0.3443245
0.426115
0.4638658
0.2141458
0.3390372
0.412908
0.27636
0.2635012
0.5044297
0.3044139
0.368415
0.2844635
0.2724844
0.4625572
0.3965972
0.3845869
0.292851
0.2313362
0.3109468
0.1989853
0.3959996
0.2889892
0.3081998
0.272373
0.1373506
0.2647991
0.1892774
0.4177566
0.2621377
0.2559048
0.4234921
0.2185929
0.300286
0.3624047
0.3059223
0.3377308
0.264028
0.2314898
0.3213809
0.1871137
0.1813399
0.212324
0.2867377
0.1404839
0.4649642
0.357161
0.1875212
0.4078838
0.1400844
0.3061372
0.2886488
0.5009037
0.2952971
0.2847325
0.2428012
0.3496307
0.3945053
0.1258224
0.2788648
0.2965108
0.1431513
0.2416642
0.2306702
0.2395261
0.09506329
0.4131283
0.3000554
0.3682043
0.2575912
0.1878522
0.2529468
0.3732686
0.1652146
0.2440146
0.3723912
0.4391803
0.3972211
0.275987
0.2491944
0.2887537
0.2049315
0.3393928
0.3104043
0.3396478
0.2953861
0.2694397
0.4152208
0.219767
0.2494332
0.4098908
0.3665734
0.3271361
0.2438969
0.3042201
0.2638683
0.2355922
0.2400784
0.2634468
0.2654954
0.4098009
0.26921
0.4151897
0.1438511
0.3984128
0.2839363
0.2298133
0.4217826
0.2167075
1
0.1393151
0.3437349
0.4503011
0.2850894
0.1924974
0.2784029
0.2951823
0.162679
0.0604403
0.3495558
0.4622044
0.406017
0.4643069
0.2261129
0.4490211
0.4005513
0.2902762
0.3513705
0.1453592
0.3786035
0.5623795
0.4438369
0.2104703
0.3221286
0.4431367
0.5402287
0.2575479
0.1042472
0.3479126
0.166525
0.1677849
0.3297554
0.1424589
0.222497
0.3479048
0.1998708
0.420733
0.3926222
0.267577
0.09820493
0.1577737
0.303232
0.4964861
0.2273792
0.3299078
0.1234506
0.3641533
0.3412539
0.3054476
0.2821369
0.3238939
0.4009809
0.2816569
0.3176589
0.270548
0.3242482
0.3911493
0.2499198
0.2746157
0.3984696
0.2661577
0.4395612
0.2076931
0.3338045
0.26644
0.4345906
0.1223995
0.3050254
0.174836
0.2735963
0.380602
0.2202343
0.4709125
0.394518
0.4853962
0.5044993
0.2834053
0.4530691
0.2633203
0.1892721
0.3645451
0.2600106
0.3064386
0.2790498
0.1865209
0.1923063
0.1438545
0.4442937
0.2987507
0.2159247
0.301286
0.4683887
0.5331232
0.4519462
0.3516673
0.2562839
0.220883
0.2859718
0.281908
0.3992461
0.2791447
0.4581557
0.516
0.3424566
0.3154699
0.4830578
0.5359579
0.430178
0.3960012
0.1623833
0.4707544
0.1724901
0.3644663
0.3059356
0.5324677
0.5004445
0.3104791
0.221678
0.2987897
0.1836475
0.1944567
0.3588318
0.4230625
0.3777353
0.2976697
0.4123725
0.3946096
0.3525212
0.2407547
0.3417384
0.2606434
0.1375773
0.3965159
0.3977588
0.4330524
0.402022
0.4068788
0.3928884
0.3382093
0.5202393
0.4055478
0.3964382
0.4439658
0.2839948
0.1787715
0.4812687
0.342923
0.376136
0.2923707
0.1564976
0.3632867
0.3590074
0.3330763
0.3064121
0.3478137
0.2984732
0.2271118
0.3863327
0.3138851
0.3915389
0.2767523
0.3690123
0.4031218
0.3438887
0.3086311
0.2310904
0.359863
0.3456117
0.293762
0.3820258
0.4552876
0.3922119
0.3882957
0.3085665
0.3267018
0.246548
0.3996806
0.3020976
0.4234533
0.2994635
0.2075713
0.08380391
0.4240711
0.3707481
0.2177868
0.3446047
0.3936391
0.4903336
0.2597797
0.2104795
0.3390104
0.324947
0.4820567
0.247117
0.3494526
0.2721483
0.4605125
0.5060459
0.3988952
0.4571906
0.3613961
0.3888501
0.3573236
0.4120823
0.3637542
0.2409482
0.2238346
0.2943967
0.267793
0.2202478
0.2618487
0.3174424
0.29214
0.1464185
0.3574567
0.5528319
0.4151392
0.4981187
0.2456879
0.3645344
0.4260801
0.4368598
0.2504358
0.2291974
0.2090014
0.2185886
0.2068228
0.1800461
0.2963025
0.2332706
0.245586
0.1844025
0.3588086
0.452499
0.3184789
0.3954966
0.2525385
0.3155519
0.4838741
0.4200293
0.354135
0.3915883
0.3306641
0.2302617
0.2030034
0.2189966
0.3446599
0.3072141
0.3701559
0.1695054
0.2669621
0.1671034
0.163081
0.1594622
0.3039787
0.2934884
0.3212649
0.1031482
0.2066973
0.4130584
0.3279287
0.1604798
0.237902
0.2133443
0.3352585
0.2596255
0.2481596
0.3218166
0.1783174
0.2361985
0.3117542
0.2265018
0.09405424
0.2336161
0.2655148
0.1532739
0.1378611
0.1982492
0.276478
0.0926714
0.3265891
0.2769162
0.2341441
0.2460898
0.1645053
0.342481
0.2423555
0.2250488
0.1708668
0.2535814
0.1593819
0.3066399
0.2902142
0.1972134
0.1524842
0.1632439
0.2099812
0.3551816
0.1658593
0.1860144
0.3321449
0.350599
0.170873
0.4571467
0.299282
0.4274742
0.5066363
0.2229043
0.2080888
0.1566069
0.3439257
0.1402766
0.3167185
0.3947648
0.2844573
0.3815037
0.3206109
0.3800355
0.3974601
0.2884099
0.3241507
0.385216
0.3806503
0.3812744
0.3100708
0.2036785
0.3835361
0.3595467
0.4584202
0.4637496
0.4218218
0.5891518
0.1025664
0.465404
0.4624782
0.301578
0.3029621
0.335871
0.4051405
0.39214
0.4763287
0.3313076
0.5068927
0.4066741
0.1922827
0.3138324
0.4704197
0.3970491
0.2789603
0.295912
0.1908854
0.2620112
0.2617051
0.3011832
0.2218424
0.3335331
0.4963753
0.1777672
0.1704181
0.3410558
0.2824424
0.2012516
0.2708961
0.4362318
0.3708968
0.2850333
0.1770201
0.384831
0.1975815
0.1954002
0.3189572
0.4269832
0.4715693
0.3823594
0.3077585
0.196302
0.3344069
0.552705
0.5485442
0.3403774
0.3158845
0.3047102
0.5283803
0.5053676
0.3515421
0.3971127
0.3287564
0.4411402
0.3777804
0.3671506
0.251608
0.4251687
0.254066
0.3824517
0.4312692
0.3633373
0.2758235
0.4529372
0.3245163
0.3644325
0.3514733
0.517809
0.2498358
0.4469529
0.30495
0.3162638
0.4682437
0.423104
0.342784
0.3564333
0.3414564
0.3496702
0.2778898
0.3778734
0.4121773
0.4344044
0.3838986
0.1744517
0.343261
0.2748835
0.4324299
0.2374876
0.3291757
0.5297682
0.2739421
0.3203474
0.3961661
0.3630938
0.2980923
0.2790305
0.2257137
0.3610642
0.1894651
0.184688
0.2650516
0.3068454
0.1437644
0.4361743
0.4090524
0.1983369
0.3792387
0.1886709
0.2554609
0.2628122
0.4127765
0.3356118
0.2528349
0.3389224
0.4071934
0.4187582
0.1756313
0.3128866
0.3789203
0.176976
0.2960373
0.2936654
0.2919078
0.1112118
0.574602
0.3896638
0.3643138
0.2013843
0.2446478
0.3116745
0.3510791
0.1836754
0.3068301
0.3883246
0.3682194
0.4334917
0.3602045
0.2769652
0.3517028
0.2856935
0.3734469
0.4572296
0.2952783
0.337718
0.3602591
0.4198704
0.2684155
0.2400726
0.4848364
0.3958475
0.3666451
0.2712584
0.2129509
0.2947905
0.3287204
0.1969731
0.2967618
0.3789914
0.3847348
0.232531
0.5170193
0.2156433
0.3501861
0.2792241
0.2651752
0.463437
0.2576359
1
0.129339
0.1462326
0.1236076
0.08957122
0.1112646
0.1091315
0.07076324
0.04308705
0.117504
0.1506017
0.1305004
0.1530562
0.08782407
0.1503687
0.1654558
0.1095704
0.1189528
0.07937475
0.1429261
0.1795299
0.152451
0.08317463
0.1179797
0.1245891
0.1603023
0.1031082
0.0612783
0.132612
0.08714142
0.09830428
0.102222
0.07210408
0.09929855
0.1331728
0.09622376
0.1467346
0.1193654
0.1270827
0.06523763
0.08840681
0.1218812
0.1507374
0.09369222
0.129171
0.07316289
0.135411
0.1263431
0.1067153
0.1184746
0.1033736
0.1572221
0.1204467
0.1277113
0.1144911
0.1301596
0.1412198
0.09768579
0.1093352
0.1361981
0.1019248
0.156678
0.09255987
0.1356709
0.1106749
0.1521318
0.06210499
0.1312589
0.07700857
0.09772276
0.152122
0.09171786
0.1529704
0.1503977
0.1428942
0.1559198
0.12556
0.1464246
0.1065458
0.08717998
0.1305218
0.09804726
0.1081416
0.108827
0.07136909
0.08817503
0.08031965
0.1477395
0.1161538
0.1006363
0.1265109
0.1614697
0.1507269
0.1484883
0.1110517
0.1184057
0.06712298
0.1059175
0.1140152
0.1443147
0.1041919
0.1494021
0.1561162
0.1206147
0.11436
0.1440631
0.16923
0.1232232
0.1289084
0.09118788
0.1638176
0.08986774
0.1104678
0.1132105
0.1769247
0.1410955
0.1240145
0.09924645
0.1199142
0.08354795
0.09387747
0.1571246
0.1269726
0.1237527
0.1260698
0.1462413
0.1370652
0.1150872
0.1018137
0.1192219
0.1014806
0.05755571
0.1218102
0.1515258
0.1392437
0.1535178
0.1464271
0.1222163
0.113476
0.177096
0.1423651
0.133018
0.1468984
0.1063307
0.0901066
0.1633046
0.1205985
0.1270248
0.1150585
0.06739829
0.1416289
0.1350922
0.1340704
0.1196919
0.1238027
0.1098372
0.09779489
0.1350379
0.1336854
0.14443
0.09231079
0.1283755
0.1436891
0.1223989
0.1368147
0.1022663
0.1343863
0.1242698
0.1250277
0.1378929
0.1503537
0.1336367
0.1376999
0.1099642
0.1152263
0.1053486
0.1381946
0.1256071
0.1475839
0.1145366
0.07953284
0.04652817
0.141902
0.1465377
0.08596618
0.1336139
0.1625683
0.1709059
0.1057022
0.08520786
0.1358971
0.1332888
0.1647482
0.09372107
0.1286454
0.1074407
0.1497137
0.1686155
0.1451159
0.1666736
0.1156361
0.1543231
0.1461524
0.153459
0.1201104
0.1024082
0.09841581
0.09955437
0.09975586
0.09936054
0.1157912
0.118493
0.1149828
0.09007126
0.1195939
0.1699314
0.15236
0.1585198
0.106687
0.1284752
0.1319416
0.1348708
0.1175849
0.1097416
0.08728129
0.08651051
0.08511231
0.09116556
0.1111369
0.08960871
0.1084352
0.08434078
0.139105
0.1649642
0.1216669
0.143292
0.1153702
0.1109284
0.163062
0.142716
0.1379582
0.1318864
0.1334456
0.1029212
0.09306276
0.08240847
0.1234546
0.131181
0.1250785
0.09528085
0.100806
0.08071058
0.08474109
0.08764551
0.1143994
0.1115221
0.1150728
0.05144688
0.09713231
0.1317165
0.1257672
0.09244968
0.09251207
0.1019346
0.120935
0.09917524
0.111018
0.1288466
0.09536973
0.09491911
0.1216639
0.1005187
0.05359219
0.09970806
0.1027183
0.07442812
0.07777173
0.1025864
0.1074698
0.056493
0.1132802
0.1103765
0.08980174
0.09881755
0.08088008
0.1410861
0.1086519
0.100497
0.09085787
0.122415
0.0882301
0.1186585
0.1224199
0.08798016
0.09077549
0.08948584
0.09509442
0.1210251
0.08151164
0.09797769
0.1200276
0.1274076
0.08855139
0.1557825
0.1208468
0.153573
0.1615181
0.08816578
0.09176801
0.08786511
0.1357038
0.07399311
0.116155
0.1407208
0.1162272
0.1376982
0.1141908
0.1384594
0.1424464
0.12
0.1119048
0.1425623
0.122446
0.147011
0.119887
0.08382155
0.1554068
0.1257336
0.1466895
0.1647311
0.1441354
0.1659502
0.05481457
0.1607549
0.1435371
0.1124126
0.1274309
0.1352441
0.1651307
0.1359595
0.1326379
0.1163371
0.1405219
0.1581472
0.07105898
0.1239302
0.1584024
0.1506271
0.09881847
0.1152326
0.07420508
0.0988591
0.1043031
0.1013923
0.09263196
0.1295847
0.16227
0.08031417
0.07783326
0.108225
0.09213399
0.09278317
0.1104846
0.1672298
0.1256675
0.1151413
0.07400602
0.1485646
0.08468682
0.07634849
0.1132521
0.1203499
0.1651143
0.1520679
0.1147242
0.09645143
0.1081801
0.1737239
0.1558053
0.1303247
0.1175275
0.1027238
0.1520706
0.1500632
0.113626
0.1524731
0.1331351
0.1616145
0.1514524
0.1234432
0.0991668
0.1527758
0.1200205
0.1141994
0.147329
0.1261554
0.09349617
0.1213008
0.1141901
0.1278016
0.1192865
0.1586548
0.1038258
0.1551499
0.09800432
0.1098053
0.1309317
0.1489263
0.1307227
0.1224908
0.1076989
0.1218387
0.0998325
0.1376413
0.1424086
0.1320342
0.1188554
0.08247654
0.1243421
0.1143452
0.143968
0.1130467
0.1184099
0.166806
0.1068998
0.1180835
0.1376391
0.1426809
0.120586
0.1146778
0.08659316
0.1099565
0.08441828
0.08797248
0.1112333
0.1205255
0.08160415
0.1476519
0.1483215
0.08036321
0.1280998
0.07777619
0.09630632
0.1207977
0.1558243
0.1338105
0.1020304
0.1240453
0.1368975
0.127956
0.08400487
0.1168319
0.1365749
0.0807341
0.1193791
0.1060881
0.1185592
0.06374218
0.151397
0.1290453
0.1187022
0.08687989
0.09331968
0.1082072
0.1446874
0.09141315
0.1028475
0.1199928
0.1510147
0.1419482
0.1294304
0.1095122
0.1444509
0.1089474
0.1264895
0.143428
0.1062779
0.1358348
0.1497394
0.1588329
0.1044471
0.0961458
0.1597061
0.160435
0.1408137
0.1121787
0.100843
0.1195305
0.1246185
0.07482314
0.098842
0.1396027
0.1326356
0.1121788
0.1688377
0.08806246
0.126464
0.1053936
0.1003702
0.1640152
0.105598
1
0.3212046
0.3192066
0.1729769
0.2973303
0.2374953
0.1724693
0.09679792
0.3448463
0.3778759
0.4170832
0.3836664
0.2704915
0.3598389
0.3808084
0.2378024
0.3471213
0.1407187
0.3586884
0.4647675
0.3614783
0.1496267
0.2765143
0.3193702
0.4334782
0.2506784
0.1035656
0.332977
0.1525633
0.1930878
0.281511
0.1384419
0.203748
0.3482274
0.1961812
0.3851127
0.3459689
0.3457697
0.1084339
0.1896956
0.3713894
0.3663431
0.211452
0.3291034
0.1998959
0.3067705
0.3178218
0.2200197
0.3126606
0.325596
0.4365977
0.2921038
0.3654192
0.259155
0.280699
0.3883685
0.285226
0.2256354
0.339721
0.2355465
0.381544
0.1868412
0.3456353
0.2563198
0.445355
0.1308086
0.340591
0.1461191
0.2883496
0.4293195
0.2119355
0.4555575
0.4444648
0.428029
0.4108775
0.3935553
0.4162915
0.2650638
0.2430784
0.303804
0.3296472
0.2841153
0.2655118
0.1628959
0.1887412
0.1506491
0.3962485
0.2907286
0.2008269
0.3068815
0.3646079
0.4033113
0.4413371
0.3017462
0.2676397
0.1424311
0.2557719
0.2703604
0.3893772
0.2677594
0.3635454
0.4132294
0.2990201
0.2879474
0.3933578
0.4640493
0.2950316
0.3158776
0.1939295
0.4636345
0.1848859
0.2916058
0.2294504
0.4230418
0.3934127
0.2599796
0.2109573
0.2679701
0.2119504
0.2571843
0.463851
0.3332484
0.3134703
0.2975228
0.314958
0.3425674
0.3114577
0.2172886
0.2735264
0.2639521
0.1199845
0.3388167
0.4006181
0.4113341
0.4319662
0.3829764
0.3411032
0.295864
0.4394864
0.3342135
0.3063457
0.3657862
0.2830871
0.1975849
0.4867161
0.2850991
0.3123805
0.2874968
0.164141
0.4061855
0.3243946
0.345985
0.2736909
0.3106279
0.2474367
0.2550555
0.3663983
0.2747717
0.3607124
0.2134157
0.3399991
0.3255435
0.2794143
0.3237767
0.2862204
0.3735679
0.2779111
0.2683776
0.3610297
0.4123742
0.326852
0.3349536
0.2420145
0.2787898
0.2112395
0.3173418
0.3025389
0.332058
0.2908721
0.1845143
0.06649853
0.3183454
0.3281292
0.2139601
0.3122079
0.424445
0.4597405
0.2439828
0.1933055
0.34991
0.3653287
0.4198343
0.3402624
0.3474805
0.2523814
0.4030041
0.4522445
0.3632934
0.404297
0.3458951
0.4093652
0.3738662
0.3612854
0.2983768
0.2212948
0.2111816
0.2691452
0.2735325
0.2512117
0.3154234
0.3298753
0.3184103
0.1800514
0.3224672
0.4806729
0.3651778
0.396813
0.2413582
0.3407405
0.3006568
0.3869662
0.2849926
0.2385675
0.2381197
0.1938852
0.2078699
0.1936163
0.2552226
0.1807768
0.2701458
0.1317455
0.3855694
0.4175908
0.2973646
0.3475735
0.278876
0.242767
0.4007207
0.3356886
0.295756
0.3282765
0.2992234
0.2034316
0.2163865
0.2121881
0.3367646
0.2694518
0.3385661
0.1660781
0.2675444
0.1358685
0.1514267
0.1407587
0.2529589
0.2231141
0.2608741
0.08480226
0.17612
0.290989
0.3071218
0.2062261
0.1674816
0.2099635
0.2638678
0.2001757
0.254639
0.320717
0.2069409
0.2170715
0.2505573
0.2163278
0.09646593
0.2103364
0.2381439
0.1466453
0.1363763
0.1951758
0.2399535
0.1047322
0.289538
0.2375058
0.2023877
0.2106757
0.1582754
0.3345368
0.2383436
0.1726412
0.1984006
0.2820702
0.1841355
0.3133705
0.3045479
0.1673791
0.1627534
0.1467931
0.2036981
0.3036406
0.1332721
0.1873579
0.2962935
0.3058616
0.1718018
0.3713915
0.2746692
0.3854471
0.4335629
0.1679946
0.2004989
0.1588911
0.2957752
0.1317724
0.302968
0.3231952
0.2832157
0.3426774
0.2537686
0.3578912
0.2935927
0.3106243
0.3799854
0.4193576
0.3820105
0.3722744
0.2786491
0.2003931
0.361315
0.2938854
0.418595
0.4627516
0.3934081
0.3941005
0.1056598
0.3704015
0.3740404
0.2538575
0.3153018
0.3680243
0.4771319
0.3301661
0.3243718
0.2787841
0.4284252
0.3857028
0.1102797
0.2930739
0.406893
0.3970493
0.2655571
0.2578873
0.1722979
0.2369719
0.2412779
0.294611
0.2049405
0.3116177
0.4445699
0.1842676
0.1698756
0.3044906
0.1922808
0.2222124
0.2313958
0.4316696
0.367373
0.2817527
0.2369713
0.4071595
0.1834897
0.1429702
0.3379625
0.3439984
0.3840762
0.3605929
0.2754815
0.2317077
0.2530509
0.4813632
0.3800686
0.2997202
0.2319598
0.2338442
0.39854
0.364612
0.2574894
0.3228371
0.3243679
0.4208787
0.3520571
0.309717
0.2397696
0.3758121
0.3562306
0.3156024
0.3976056
0.4185026
0.2232176
0.3486211
0.3287958
0.3271825
0.2752281
0.4559581
0.2788145
0.379246
0.242005
0.28954
0.40881
0.4011683
0.3428177
0.3153251
0.2443754
0.3376712
0.1877065
0.3449688
0.3186819
0.3455323
0.2984801
0.1353386
0.280202
0.2242349
0.3989574
0.2609597
0.2638178
0.4341397
0.2383773
0.3002479
0.3698324
0.3293033
0.334417
0.2914605
0.2418699
0.2882314
0.1868544
0.2100057
0.2413823
0.3030856
0.1579822
0.4201406
0.3770957
0.1941529
0.3767624
0.1467767
0.3010559
0.3050527
0.458542
0.3217934
0.2888378
0.2626343
0.3489169
0.3735944
0.1898673
0.2754963
0.286765
0.1634785
0.2505104
0.2482168
0.2467261
0.1026103
0.3904975
0.3236076
0.3704957
0.2428516
0.2238659
0.2504209
0.3794386
0.1649105
0.2165204
0.3390932
0.4259983
0.3886459
0.3201888
0.2687219
0.3593859
0.2349694
0.3078033
0.3045621
0.3235648
0.3197251
0.3116704
0.4362926
0.2193818
0.2596543
0.3973706
0.4177687
0.3200084
0.271856
0.280452
0.288575
0.2750216
0.2338134
0.2480349
0.3195499
0.3842104
0.2527045
0.4630284
0.1797077
0.3406107
0.2851065
0.2581379
0.395994
0.2485748
1
0.3044754
0.1514522
0.2902689
0.3484532
0.2129114
0.06048622
0.3251198
0.501936
0.4101584
0.5073767
0.1933853
0.5553713
0.4380784
0.3218985
0.4104771
0.1418284
0.4566219
0.5640245
0.4682133
0.1703925
0.3651978
0.3784632
0.4760307
0.2307372
0.097336
0.4353862
0.1445136
0.1566013
0.2649165
0.1289814
0.2326536
0.3625235
0.232625
0.4197872
0.344671
0.242044
0.09419234
0.1820358
0.2654252
0.4859619
0.2386765
0.3780445
0.1188446
0.4555563
0.3659838
0.3389639
0.3554814
0.2706348
0.3834633
0.2873416
0.2994938
0.2688353
0.3274417
0.3673174
0.2165331
0.2808157
0.3350442
0.3171798
0.4439852
0.2210353
0.308622
0.2677024
0.4540599
0.09969195
0.2841853
0.1299711
0.3506267
0.3943071
0.2801799
0.4501818
0.3738624
0.4464339
0.5370195
0.2630744
0.4170674
0.3319417
0.1865321
0.4955542
0.2444215
0.34107
0.2735721
0.1890315
0.1985481
0.1613449
0.4028356
0.303531
0.2660626
0.3528594
0.4194815
0.5091098
0.45276
0.3829716
0.2612484
0.1911165
0.3261282
0.2922442
0.4266121
0.321475
0.4869416
0.5026067
0.3570804
0.3912022
0.5168515
0.536673
