0.3131300
0.2371116
0.1688668
0.3843230
0.2485533
0.2865047
0.2364690
0.1477921
0.3139520
0.2642351
0.2656959
0.2360849
0.2565968
0.2391671
0.1954293
0.2898416
0.2284750
0.3089425
0.2217086
0.2868563
0.2869482
0.2396171
0.2607281
0.2462912
0.3133568
0.2452216
0.2354544
0.2893272
0.3446805
0.2982182
0.3022142
0.2284728
0.2358459
0.1727774
0.2892687
0.2538055
0.2930248
0.2632118
0.1625619
0.0603986
0.2918753
0.2798793
0.1865962
0.2692353
0.3313762
0.3658106
0.2121523
0.1712637
0.2934865
0.3156018
0.3395008
0.2768394
0.2878335
0.2237743
0.3267206
0.3691292
0.3076640
0.3207133
0.2912122
0.3400921
0.2881643
0.3055928
0.2771433
0.1916481
0.1898337
0.2372585
0.2358108
0.2247613
0.2591139
0.2711284
0.2579467
0.1294138
0.2778710
0.3890211
0.3089868
0.3395799
0.2129939
0.2797370
0.2542459
0.3434678
0.2338521
0.1970138
0.1778303
0.1646720
0.1734664
0.1814606
0.2219580
0.1737941
0.2312006
0.1307654
0.3205457
0.3618449
0.2499287
0.2918604
0.2190119
0.2124716
0.3431810
0.3335159
0.2465944
0.2712678
0.2489558
0.1811880
0.1894380
0.2059550
0.2887024
0.2175239
0.2754802
0.1342217
0.2356812
0.1175934
0.1227972
0.1218549
0.2093262
0.1780463
0.2448036
0.0751896
0.1486944
0.2353658
0.2559116
0.1622239
0.1364542
0.1770170
0.2320349
0.1850897
0.2187370
0.2895858
0.1771636
0.1854863
0.2042305
0.1693868
0.0890507
0.1687282
0.2168060
0.1267840
0.1161242
0.1504117
0.2196554
0.0994753
0.2477248
0.2279056
0.1888413
0.1857682
0.1434999
0.2611946
0.2016920
0.1458770
0.1754807
0.2328994
0.1622488
0.2300695
0.2404239
0.1393169
0.1543319
0.1299168
0.1686721
0.2545343
0.1255487
0.1674688
0.2492057
0.2627210
0.1429161
0.3058036
0.2391192
0.3161851
0.3499401
0.1581227
0.1592619
0.1392170
0.2485334
0.1156019
0.2474571
0.2881868
0.2465427
0.3092854
0.2349303
0.2869995
0.2439219
0.2486904
0.3144271
0.3317293
0.3274412
0.3137136
0.2299925
0.1816335
0.2854858
0.2536660
0.3445728
0.3514438
0.3209934
0.3297728
0.0967803
0.3188260
0.3057704
0.2355498
0.2548884
0.2873620
0.3473946
0.2763386
0.2723050
0.2364523
0.3461561
0.3129537
0.0891202
0.2382431
0.3266303
0.3405350
0.2453132
0.2294348
0.1610844
0.2104085
0.2077224
0.2566560
0.1769279
0.2959144
0.3771817
0.1713660
0.1604450
0.2569784
0.1760727
0.1931614
0.1998867
0.3511051
0.3044043
0.2381948
0.1816455
0.3231800
0.1632309
0.1200213
0.3192660
0.3018337
0.3103667
0.2722036
0.2408063
0.2014907
0.2319504
0.3869411
0.3167798
0.2664683
0.2071702
0.2170401
0.3273860
0.3058130
0.2122971
0.2709172
0.2974400
0.3440316
0.2925416
0.2587673
0.2134782
0.3046450
0.3050977
0.2887820
0.3106174
0.3306450
0.2092839
0.3076021
0.2701414
0.2913687
0.2280395
0.3615351
0.2355636
0.3260780
0.1835715
0.2438205
0.3063027
0.3293340
0.2642319
0.2716263
0.2078758
0.2925021
0.1430131
0.2995323
0.2670518
0.2850018
0.2649660
0.1117277
0.2661003
0.1845422
0.3249558
0.2151568
0.2335651
0.3746847
0.2125053
0.2594642
0.3173265
0.2947979
0.2545646
0.2590189
0.2141501
0.2549188
0.1647216
0.1903102
0.2289640
0.2799627
0.1410727
0.3474317
0.3170601
0.1818377
0.3126975
0.1262049
0.2531235
0.2536532
0.3457074
0.2799619
0.2574090
0.2226002
0.2969614
0.2926475
0.1584838
0.2563819
0.2478937
0.1473570
0.2103244
0.2346060
0.2094439
0.0949529
0.3237814
0.2930766
0.3139739
0.2286468
0.2019870
0.2158582
0.3120667
0.1453809
0.1966688
0.2860672
0.3447389
0.3193944
0.2866697
0.2427407
0.3032608
0.2231829
0.2673482
0.2450419
0.2948644
0.2699169
0.2619394
0.3648035
0.1858327
0.2332412
0.3260253
0.3460750
0.2911781
0.2361201
0.2489539
0.2383852
0.2482125
0.2146834
0.2198280
0.2652392
0.3227437
0.2305390
0.3789853
0.1514174
0.2753324
0.2410324
0.2341269
0.3256530
0.1992520
1.0000000
0.2805708
0.3372918
0.3003640
0.3084167
0.3182519
0.3452096
0.1369319
0.3508051
0.3868476
0.3446160
0.1793603
0.3134164
0.2983691
0.1921875
0.0930497
0.2714044
0.4531053
0.3778833
0.4572507
0.1982910
0.4276518
0.4154378
0.2699272
0.3172447
0.1580872
0.4432060
0.5157667
0.4086801
0.1984617
0.3485621
0.3186481
0.4460195
0.2930937
0.0992180
0.4195722
0.1411345
0.2127491
0.2579037
0.1851595
0.1995889
0.3399525
0.2386937
0.3924285
0.3464945
0.3292512
0.1338815
0.2460414
0.3424483
0.4562244
0.2085681
0.3292746
0.1816782
0.3894115
0.3376703
0.2473391
0.3559086
0.2509291
0.4675319
0.4245606
0.3603210
0.3107063
0.3658458
0.3864417
0.3021026
0.2255369
0.3656202
0.2848663
0.4168325
0.2288035
0.3238262
0.2881743
0.4313358
0.1373542
0.3235133
0.2043774
0.3654613
0.3762980
0.2491076
0.4678242
0.4491927
0.3768721
0.4589525
0.3745746
0.4941309
0.3108010
0.2474403
0.3964050
0.2640288
0.2881650
0.2276243
0.1586079
0.2049112
0.1702208
0.4282442
0.3242678
0.2583165
0.3712027
0.3879592
0.4187188
0.4199360
0.3001200
0.3441331
0.1740561
0.3030725
0.3204343
0.4015029
0.2875983
0.4477768
0.4337883
0.2664024
0.2868470
0.4392360
0.4777216
0.3535673
0.4257014
0.2133687
0.4465680
0.1982858
0.2925238
0.2730834
0.5678580
0.4327605
0.3299654
0.2989963
0.3182038
0.2135383
0.2203760
0.4349111
0.3286898
0.3593822
0.3182768
0.3640295
0.4009934
0.3141711
0.2410399
0.2745964
0.2613594
0.1104200
0.3235453
0.3705279
0.3819213
0.4165278
0.4452405
0.3822292
0.3657634
0.5038404
0.3493658
0.3691880
0.4522513
0.3049180
0.2062032
0.4621761
0.2919286
0.3299386
0.3112937
0.1721913
0.3656068
0.3886532
0.3903846
0.3031749
0.3862943
0.3299563
0.3186618
0.3793192
0.3570987
0.3906037
0.2278054
0.3733937
0.4346418
0.3093888
0.3559932
0.2439372
0.4351605
0.3027969
0.3581019
0.3769079
0.4771269
0.3215021
0.3970232
0.2657390
0.3343742
0.2616442
0.4275161
0.3881671
0.4043836
0.3274704
0.2399477
0.0632065
0.4582229
0.4388842
0.2383461
0.3611133
0.4981541
0.4906520
0.2878928
0.2279193
0.3970021
0.3162933
0.4896763
0.2635937
0.4635631
0.2250000
0.3999828
0.4715936
0.4508174
0.4680377
0.3694316
0.4718971
0.4040791
0.4073234
0.3903457
0.2610682
0.2137636
0.2727110
0.2715801
0.2869077
0.2996747
0.3771173
0.3389667
0.2445709
0.3504832
0.4746447
0.3927600
0.4392333
0.2562008
0.3630696
0.3397890
0.3673480
0.2678364
0.2330731
0.2824914
0.2283838
0.2446711
0.2375788
0.3008255
0.2333403
0.3285100
0.1922714
0.4047109
0.5080083
0.3292734
0.4370038
0.3508993
0.2795605
0.5445925
0.4009908
0.3072093
0.3522344
0.3750995
0.2341972
0.2052436
0.2573397
0.3461177
0.3165204
0.3000837
0.1798279
0.2777060
0.1273567
0.1562683
0.1434177
0.2880679
0.2633704
0.3301540
0.1019569
0.1927907
0.4061081
0.3396519
0.1962163
0.1815965
0.2119607
0.2836730
0.2255817
0.2414289
0.3680726
0.1962799
0.2418605
0.3098635
0.2326297
0.1240405
0.2227348
0.2328627
0.1440922
0.1592152
0.1982521
0.2677250
0.1050989
0.2650934
0.2259106
0.2029990
0.1904070
0.2119355
0.4080328
0.2420196
0.2233203
0.2470787
0.3736246
0.2148858
0.3263677
0.3617304
0.1857054
0.1674504
0.1976786
0.2597041
0.3298442
0.1475191
0.2134427
0.3079159
0.2854121
0.1951607
0.4607639
0.3548542
0.4959399
0.4774397
0.2026031
0.1863463
0.2124337
0.3413451
0.1501747
0.2849562
0.3098527
0.3108536
0.3688504
0.2277621
0.3598328
0.3895298
0.3027079
0.3135025
0.3898014
0.3597975
0.4554614
0.2968592
0.2380240
0.4496755
0.2890227
0.4013925
0.4410394
0.4057584
0.5181769
0.1043060
0.4090176
0.3703788
0.3238709
0.3306162
0.3973652
0.4109614
0.3707788
0.3622376
0.3642795
0.3866192
0.5119331
0.1198968
0.3689459
0.4769023
0.4306408
0.3184172
0.2849076
0.1984544
0.2491050
0.2384130
0.2709018
0.2176702
0.3211495
0.4841201
0.1871641
0.1804908
0.3055152
0.1782472
0.2662053
0.2384145
0.5962677
0.3337470
0.2512984
0.1791297
0.4008565
0.1885050
0.1483401
0.2818955
0.2716281
0.4491729
0.3671656
0.3298068
0.1944375
0.3204889
0.5070087
0.4425789
0.3694762
0.3070967
0.2535570
0.4371722
0.4532756
0.2666580
0.3750207
0.3172014
0.4871851
0.4454113
0.3735601
0.2416233
0.4336503
0.3360587
0.2550352
0.3411535
0.3879418
0.2300644
0.3128885
0.2504571
0.3381529
0.3141599
0.4386302
0.2490459
0.4492323
0.2287253
0.3112406
0.3848231
0.3870663
0.3487347
0.3709592
0.2788376
0.3084091
0.2400023
0.4191214
0.3059805
0.3703282
0.3374734
0.1514556
0.3581674
0.2640984
0.4503824
0.2728016
0.2265309
0.4926766
0.2740966
0.3512799
0.4010791
0.4060589
0.3791793
0.2713909
0.1959390
0.2942730
0.1937698
0.2126400
0.2968881
0.3396154
0.1854715
0.4191609
0.4110043
0.1901203
0.3228797
0.1494047
0.2580451
0.3232608
0.4351793
0.3076234
0.2887536
0.2947874
0.3267449
0.4069373
0.2308132
0.2817421
0.2786602
0.2001272
0.2576758
0.2430465
0.2760902
0.1155666
0.4571639
0.3485385
0.3379008
0.2079301
0.2284393
0.2557509
0.3745771
0.1724663
0.2237352
0.3076407
0.4398514
0.4122391
0.3458069
0.3156372
0.3969689
0.2707314
0.4138639
0.3256630
0.2714945
0.3466957
0.3757250
0.4601576
0.2251852
0.2385322
0.4474060
0.5406591
0.4569980
0.2825766
0.2507843
0.3004058
0.3243367
0.1819449
0.2328356
0.3549648
0.3233732
0.3362137
0.5034670
0.2305767
0.3272535
0.2569550
0.2656248
0.5095834
0.2792125
1.0000000
0.2406184
0.2126251
0.2177129
0.2279602
0.2586647
0.1061760
0.2601692
0.2465003
0.2480456
0.1378187
0.2284361
0.1988225
0.1472448
0.0892547
0.2360817
0.2792239
0.2663131
0.2755817
0.1759513
0.2712592
0.2957137
0.2004421
0.2328044
0.1116778
0.2742269
0.3374592
0.2646558
0.1244510
0.2380887
0.2373090
0.2997760
0.2280712
0.0837065
0.2524451
0.1173897
0.1798927
0.1778548
0.1343071
0.1488340
0.2310704
0.1544858
0.2883117
0.2446352
0.2467358
0.0834213
0.1488492
0.2079825
0.2650146
0.1750239
0.2250579
0.1622192
0.2345240
0.2472081
0.1835557
0.2521297
0.2287486
0.3058801
0.2339596
0.2275363
0.2212592
0.2458002
0.2932733
0.2573903
0.1785806
0.2414223
0.2001557
0.2799341
0.1599407
0.2307801
0.2261072
0.2882630
0.1182060
0.2828406
0.1229213
0.2171288
0.2678279
0.1872256
0.2907434
0.3143367
0.2619009
0.2887617
0.2710956
0.2956720
0.1941305
0.2201217
0.2109028
0.2159207
0.2163278
0.2000120
0.1297594
0.1627817
0.1407165
0.2866497
0.2382788
0.1706014
0.2301762
0.2659222
0.2785964
0.2827609
0.2244176
0.1998801
0.1302824
0.1912374
0.1959654
0.2809413
0.2007707
0.2644758
0.2838937
0.2286255
0.2056128
0.2693867
0.3101380
0.2044147
0.2357005
0.1685361
0.3056566
0.1742821
0.1981187
0.1693676
0.3139334
0.2625258
0.2378105
0.1923997
0.2163574
0.2063510
0.1952908
0.3309154
0.2399320
0.2161132
0.2027274
0.2391766
0.2701410
0.2338750
0.1843180
0.1981392
0.2030073
0.0919143
0.2153509
0.2415084
0.2723000
0.2921148
0.2782945
0.2283575
0.2318049
0.3100272
0.2695758
0.2516631
0.2706910
0.2217872
0.1679943
0.3069569
0.2534837
0.2348156
0.2091258
0.1509104
0.2778118
0.2357636
0.2319528
0.2159819
0.2386042
0.2120215
0.2262399
0.2392303
0.2334529
0.2874658
0.1795447
0.2700377
0.3057591
0.2253192
0.2366009
0.1933082
0.2920863
0.2296136
0.2195089
0.2523738
0.2971149
0.2492188
0.2557819
0.2011610
0.2329532
0.1674749
0.2609059
0.2422104
0.2497887
0.2340617
0.1536876
0.0609163
0.2610976
0.2551968
0.1840444
0.2205528
0.3393700
0.3239529
0.2013504
0.1598988
0.2820505
0.2732243
0.3061395
0.2233759
0.2619979
0.2016363
0.2771114
0.3056098
0.2526840
0.3012687
0.2317570
0.2901681
0.2962823
0.2691623
0.2179603
0.1901627
0.1668898
0.2228987
0.1975110
0.2381175
0.2218410
0.2284453
0.2363747
0.1519374
0.2196786
0.3177555
0.2899138
0.3017658
0.1935803
0.2666040
0.2439613
0.2575870
0.2030010
0.1733508
0.1664720
0.1656155
0.1538988
0.1544476
0.2163920
0.1784641
0.2092769
0.1193293
0.2660601
0.3368833
0.2356511
0.2642924
0.2160035
0.2071603
0.3275824
0.2863132
0.2194880
0.2504018
0.2439089
0.2022739
0.1538064
0.1831433
0.2341838
0.1992021
0.2252085
0.1326066
0.2044193
0.1029932
0.1157117
0.1309627
0.2107598
0.1704055
0.2170057
0.0749785
0.1363819
0.2452139
0.2427959
0.1604970
0.1382453
0.1593482
0.2026343
0.1612211
0.2106529
0.2778148
0.1593711
0.1941897
0.2201657
0.1697255
0.0970611
0.1663157
0.1920523
0.1164479
0.1133906
0.1623786
0.2085264
0.0880439
0.2223743
0.1838779
0.1758809
0.1748125
0.1247417
0.2670738
0.1753577
0.1495557
0.1645979
0.2333922
0.1746590
0.2215555
0.2592186
0.1508453
0.1467986
0.1407150
0.1720858
0.2143351
0.1176746
0.1550536
0.2241676
0.2236643
0.1484968
0.2926310
0.2533597
0.3065514
0.2995435
0.1696359
0.1347551
0.1368524
0.2354606
0.1209244
0.2290190
0.2511386
0.2380809
0.2657328
0.1856111
0.2315075
0.2571184
0.2165036
0.2315157
0.2882087
0.2689510
0.2699907
0.2180171
0.1873200
0.2674050
0.2062422
0.2744975
0.3110113
0.3015683
0.2884574
0.0889681
0.2943846
0.2727581
0.2165340
0.2399498
0.2722409
0.3172183
0.2367444
0.2479060
0.2129816
0.2685715
0.3115498
0.0932581
0.2684028
0.2929953
0.2825908
0.1959380
0.2059249
0.1625794
0.1988783
0.1888604
0.2160778
0.1755853
0.2522946
0.3016488
0.1675760
0.1605857
0.2158370
0.1544192
0.2014267
0.2108595
0.3440496
0.2441308
0.2100262
0.1683044
0.2757142
0.1713043
0.1183359
0.2340583
0.2405593
0.2736502
0.2531220
0.1995542
0.1742058
0.2139216
0.3246678
0.2794342
0.2538080
0.1852127
0.2126206
0.2818883
0.2678787
0.2019421
0.2571794
0.2474127
0.3137097
0.2722884
0.2324829
0.2000927
0.2621858
0.2673440
0.2127323
0.2388628
0.2717956
0.1946336
0.2533324
0.2040891
0.2569087
0.2109565
0.2830160
0.1855545
0.3009375
0.1597611
0.2123418
0.2546282
0.2706918
0.2393867
0.2268743
0.2005733
0.2382607
0.1340262
0.2534633
0.2431853
0.2490163
0.2250412
0.1138643
0.2273075
0.1982757
0.2904105
0.1806322
0.2123092
0.3128035
0.1809169
0.2296594
0.2770668
0.2605202
0.2292383
0.2061700
0.1780903
0.2135266
0.1493932
0.1831791
0.2244984
0.2529671
0.1377685
0.2810217
0.2868430
0.1613819
0.2539911
0.1237030
0.1969541
0.2228203
0.2909651
0.2469319
0.2103939
0.2118246
0.2420041
0.2599021
0.1672734
0.2336046
0.2199946
0.1463156
0.1957739
0.1966105
0.1930613
0.0885587
0.2882245
0.2566397
0.2436490
0.1737475
0.1784601
0.1740068
0.2593031
0.1342081
0.1668280
0.2249395
0.3171674
0.2780326
0.2337164
0.2328954
0.2705480
0.1977536
0.2410065
0.2430281
0.2171862
0.2607553
0.2524257
0.3314674
0.1606824
0.1856026
0.2829929
0.3510713
0.2687767
0.2132343
0.1968754
0.2430130
0.2099515
0.1590936
0.1787492
0.2667039
0.2392334
0.2460927
0.3261144
0.1676909
0.2410479
0.2168904
0.2070549
0.3152190
0.2019758
1.0000000
0.2833770
0.2697575
0.2618210
0.3189784
0.1402779
0.3173410
0.3510697
0.2903970
0.1652294
0.2444573
0.2383670
0.1804987
0.1105375
0.2878444
0.3656988
0.3390935
0.3740437
0.1864139
0.3587736
0.4269421
0.2436868
0.2774489
0.1553476
0.3837962
0.4522704
0.3891150
0.1333591
0.3004951
0.2748911
0.3724145
0.2349379
0.1028170
0.3344018
0.1376359
0.2242409
0.1953785
0.1503851
0.2105176
0.3158178
0.2124532
0.3607467
0.2636717
0.3671988
0.1203618
0.1781781
0.2483940
0.3492896
0.1881107
0.2962178
0.1872828
0.3203470
0.3242283
0.2335012
0.3346954
0.2519912
0.4330358
0.2670656
0.2869332
0.2642784
0.2915893
0.3812732
0.2597201
0.2518738
0.2983775
0.2384552
0.3653081
0.1875178
0.3040973
0.2784035
0.3662113
0.1201344
0.3321102
0.1405810
0.2376786
0.3447162
0.2176679
0.3625465
0.3804314
0.3276711
0.3665063
0.3244704
0.3329772
0.2301739
0.2294076
0.2940973
0.2200509
0.2506207
0.2484322
0.1775198
0.1765552
0.1618036
0.3494729
0.2778361
0.2110569
0.3018163
0.3794470
0.3296441
0.3793635
0.2717456
0.2314627
0.1755871
0.2549674
0.2605094
0.3621511
0.2322157
0.3471994
0.3560192
0.2861690
0.2805095
0.3463505
0.4270606
0.2739162
0.3036602
0.1979672
0.4019014
0.2700174
0.2041357
0.2275974
0.4445823
0.3084124
0.2869325
0.2233463
0.2649315
0.2026107
0.2268673
0.4561900
0.2598810
0.2652245
0.2515871
0.3308286
0.3634880
0.2912305
0.2270295
0.2123176
0.2245240
0.1190458
0.2775870
0.3279985
0.3305338
0.3951174
0.3778911
0.2892355
0.2754279
0.4490373
0.3411435
0.3161840
0.3473211
0.2333992
0.2037148
0.4287165
0.2918489
0.2986041
0.2547030
0.1541294
0.3748202
0.3265743
0.3126066
0.2833554
0.2762950
0.2707113
0.2749289
0.3153309
0.3522246
0.3535418
0.2217745
0.3535033
0.4114849
0.3029557
0.3849542
0.2291106
0.3671122
0.2897184
0.2725912
0.3063053
0.3499467
0.2805281
0.3395105
0.2826790
0.3148860
0.2127873
0.3406978
0.3138730
0.3263112
0.2831189
0.1619755
0.0739395
0.3414744
0.3553290
0.2030813
0.3004187
0.4575131
0.4804682
0.2584147
0.1946765
0.3594521
0.3640392
0.4094534
0.2613979
0.3245660
0.2645933
0.3595577
0.4409122
0.3612574
0.4341142
0.2830941
0.4385534
0.3933392
0.3749960
0.2676110
0.2016329
0.1745672
0.2621862
0.2234480
0.2685232
0.2656004
0.2687914
0.2860950
0.2105660
0.2983795
0.3963370
0.3933040
0.3866108
0.2064209
0.2844324
0.3056826
0.3037668
0.2367088
0.2679059
0.1872320
0.1710140
0.1655717
0.2287341
0.2219315
0.2282234
0.2641688
0.1586978
0.3683590
0.5002503
0.2804489
0.3641763
0.2275012
0.2592580
0.4303392
0.3506347
0.3025569
0.3192438
0.3202280
0.2435419
0.1855349
0.2062212
0.2943950
0.2556139
0.2746479
0.1783431
0.2198316
0.1394872
0.1606620
0.1557560
0.2414735
0.2119074
0.2520970
0.0870679
0.1674322
0.3094025
0.2905553
0.2198038
0.1797761
0.1943958
0.2447070
0.2129926
0.2346704
0.3502893
0.2111567
0.2107067
0.2761002
0.2117988
0.1071425
0.2433788
0.2197615
0.1189495
0.1242594
0.2060791
0.2346888
0.1076733
0.2324289
0.2656056
0.1969451
0.1930110
0.1622845
0.3003542
0.2247252
0.1809117
0.1882204
0.3225508
0.2017663
0.2669374
0.2861100
0.1646365
0.1970276
0.1839843
0.1973650
0.2992388
0.1514137
0.1984912
0.2736179
0.2972857
0.1797544
0.3954424
0.2947486
0.3919458
0.4077495
0.1918632
0.1809721
0.1967505
0.3003920
0.1340790
0.2456670
0.3314900
0.2993829
0.3155602
0.2352796
0.3079005
0.3178758
0.2699839
0.2594400
0.3456824
0.2896758
0.3944008
0.2677540
0.1940077
0.3627636
0.2628485
0.3244328
0.4324776
0.3572885
0.3816824
0.0962184
0.4093854
0.2850953
0.2617192
0.2782184
0.3536895
0.4431609
0.3007270
0.2747844
0.2727175
0.3231532
0.4351026
0.1041825
0.3124139
0.4231721
0.3989364
0.2395380
0.2598541
0.1868303
0.2309740
0.2223594
0.2449029
0.1949547
0.3371396
0.4069070
0.1647247
0.1554307
0.2550018
0.2075843
0.2185030
0.2220606
0.4587159
0.2900465
0.2289408
0.1595189
0.3789118
0.1657140
0.1293400
0.2597327
0.2703720
0.3948395
0.3839273
0.2692587
0.2010299
0.2313625
0.4488916
0.3566151
0.2869780
0.2424937
0.2179603
0.3417676
0.3342911
0.2309208
0.3513238
0.2982405
0.4348071
0.3601233
0.2822865
0.2469019
0.3627141
0.3487099
0.2399188
0.3162303
0.3156378
0.2275846
0.2693876
0.2734994
0.3266971
0.2493220
0.3724449
0.2235060
0.3918799
0.2223577
0.2353748
0.2882224
0.3383464
0.3361851
0.2790478
0.2322467
0.2826064
0.1822168
0.3310937
0.3350139
0.3196949
0.2650475
0.1399106
0.3119976
0.2428482
0.3604559
0.2266356
0.2793760
0.4258384
0.2559266
0.2961562
0.3481444
0.3730437
0.3055225
0.2586896
0.2010077
0.2646056
0.1570105
0.1841417
0.2733013
0.3086637
0.1671711
0.3798746
0.3784638
0.1571236
0.2818826
0.1377454
0.2368195
0.2645368
0.3809993
0.2928566
0.2295668
0.2764670
0.3151852
0.2847156
0.2103431
0.2624543
0.3216195
0.1934423
0.2399111
0.2398027
0.2351720
0.0945772
0.3487472
0.3128024
0.2873354
0.1583540
0.2363423
0.2091453
0.3826299
0.1593655
0.2336858
0.2542952
0.4018178
0.3886563
0.3259974
0.2758987
0.4195883
0.2601666
0.3351636
0.3514082
0.2182225
0.3174542
0.3541904
0.4470973
0.2093951
0.2016745
0.3956397
0.5040965
0.3616439
0.2454014
0.2139867
0.3036881
0.3159277
0.1578357
0.2275303
0.3415398
0.2870717
0.2891625
0.4513295
0.1887550
0.2754313
0.2361173
0.2291411
0.4522523
0.2638813
1.0000000
0.2466417
0.2232452
0.3446332
0.1140569
0.2468853
0.3870444
0.2687277
0.1143287
0.2179780
0.2634294
0.1546573
0.0755505
0.2674152
0.3589546
0.2877035
0.3769018
0.1553465
0.3742886
0.3652642
0.2514063
0.3025562
0.1223584
0.3548468
0.4041092
0.3718905
0.1350673
0.2801302
0.2740452
0.3181280
0.2051270
0.0815220
0.3292027
0.1135800
0.1724551
0.1922379
0.1082759
0.1874366
0.2428651
0.1493671
0.3174527
0.2454170
0.2028894
0.0889352
0.1300646
0.1811133
0.3441791
0.1908821
0.2652847
0.1189439
0.3316616
0.2916115
0.2648860
0.2769167
0.2374905
0.3037441
0.2253442
0.2251976
0.2233066
0.2527087
0.2913392
0.1820608
0.2496101
0.2652938
0.2423877
0.3283567
0.1780870
0.2336544
0.2314697
0.3173561
0.0876465
0.2619890
0.1025509
0.2388405
0.2717941
0.2236842
0.3165497
0.3017076
0.3209125
0.3621691
0.2483776
0.3022324
0.2464483
0.1974412
0.3439267
0.1981491
0.2691039
0.2391247
0.1762416
0.1708350
0.1277244
0.3270864
0.2289229
0.2021160
0.2773135
0.2985697
0.3652819
0.3062744
0.2998090
0.1726840
0.1475906
0.2193452
0.2165735
0.3294401
0.2296450
0.3364013
0.3532565
0.2721580
0.2772220
0.3661800
0.3859559
0.3616311
0.3303957
0.1291068
0.3281781
0.1475345
0.2622967
0.1752430
0.3967361
0.3636334
0.2682243
0.1729925
0.2505406
0.1366641
0.1739088
0.2891160
0.2508059
0.3186182
0.2296165
0.3438505
0.3266363
0.2873299
0.2121601
0.2155357
0.1915845
0.1070294
0.2672591
0.2243479
0.3298458
0.2857315
0.3500871
0.3211316
0.2741368
0.4137067
0.2715407
0.3349882
0.3665891
0.2374703
0.1555234
0.3238905
0.2550738
0.3221183
0.2727257
0.1466383
0.2566546
0.3034465
0.2608077
0.2842274
0.2857963
0.3248294
0.2485234
0.3147064
0.3307431
0.3147374
0.2923559
0.3213838
0.3809886
0.2914578
0.2881746
0.1870756
0.3708983
0.3216013
0.2333985
0.2953264
0.3266847
0.2764705
0.3075578
0.3121083
0.2866032
0.1488455
0.3564107
0.2971523
0.3587982
0.2652086
0.1766885
0.0644459
0.3562297
0.3051377
0.2149303
0.2809299
0.3632343
0.3616273
0.2375362
0.1862102
0.2781435
0.2876749
0.3899833
0.1986185
0.3140262
0.2266742
0.3686739
0.3446384
0.3626392
0.3382945
0.3090769
0.3843801
0.2555594
0.3395259
0.3282247
0.1935036
0.1528706
0.2572285
0.2177618
0.2477874
0.2139780
0.2505247
0.2437653
0.1268660
0.2764392
0.3427084
0.3488352
0.3634949
0.1764623
0.2728277
0.2761688
0.3067594
0.1769663
0.1702513
0.1744462
0.1957966
0.1609793
0.1292213
0.2132980
0.2008655
0.2064197
0.1159433
0.3184194
0.3687655
0.2701149
0.3668192
0.2014492
0.2594002
0.3941433
0.3197172
0.2581410
0.2941144
0.2646023
0.1976543
0.1670427
0.2250618
0.2941431
0.2185780
0.2559122
0.1147614
0.2269170
0.1143414
0.1319909
0.1123584
0.2339798
0.1795769
0.3032320
0.0715179
0.1352280
0.2546313
0.2767080
0.1493568
0.1720808
0.1478264
0.2699465
0.1796765
0.1886500
0.2930989
0.1271024
0.1967433
0.2471969
0.1547099
0.0854442
0.1609140
0.2247373
0.0974084
0.1006089
0.1398104
0.2362352
0.0733972
0.2315430
0.2452910
0.1910965
0.1562037
0.1018906
0.2453399
0.1531939
0.1674642
0.1418813
0.2581032
0.1396100
0.1978598
0.2124723
0.1415822
0.1290041
0.1301173
0.1632292
0.2476180
0.1031749
0.1479381
0.2160085
0.2832526
0.1241977
0.3522234
0.2324743
0.3352088
0.3657383
0.1797480
0.1466807
0.1356240
0.2859760
0.1050567
0.2461814
0.3161324
0.2575911
0.2986696
0.2787154
0.2745117
0.2957864
0.2525528
0.2420696
0.2693724
0.2654507
0.3460918
0.2297430
0.1887927
0.3242938
0.2571167
0.3102979
0.3031927
0.3281565
0.4322502
0.0770229
0.3792463
0.2793061
0.2610547
0.2186865
0.3116087
0.3024268
0.2813045
0.3255133
0.3079630
0.2827284
0.4021273
0.1189786
0.2640416
0.3507546
0.3652953
0.2752456
0.2516857
0.2111765
0.2452661
0.2103500
0.2548735
0.1851347
0.3229199
0.3587033
0.1395259
0.1349157
0.2816210
0.2049904
0.1851475
0.2217676
0.3884799
0.2728486
0.2057848
0.1423372
0.3213230
0.1616931
0.1154255
0.2226293
0.2807835
0.3521405
0.3299436
0.2987368
0.1457382
0.3020885
0.3976035
0.3817186
0.2806458
0.2753559
0.2486252
0.3404476
0.3513649
0.2212071
0.3203613
0.2875517
0.3858489
0.3304372
0.2949619
0.2309330
0.3080924
0.2172835
0.2942347
0.2716230
0.2467517
0.2254985
0.3060450
0.2049941
0.3173059
0.2310828
0.2879214
0.1629516
0.3490426
0.2306125
0.2625053
0.2863357
0.3088864
0.2249539
0.2961264
0.2338523
0.2676024
0.1753199
0.3385932
0.3316050
0.3417315
0.3270600
0.1134895
0.3255663
0.2354730
0.3154459
0.1663581
0.2687236
0.3934953
0.2524480
0.2930344
0.3554951
0.3438641
0.2888975
0.2440954
0.1947045
0.3136969
0.1543060
0.1546327
0.2548670
0.2844209
0.1114987
0.2949708
0.3403754
0.1654365
0.2731140
0.1369538
0.1766812
0.1994386
0.3062469
0.2645296
0.2063955
0.2656266
0.2848698
0.3199022
0.1546514
0.2371603
0.3223795
0.1338118
0.2270346
0.2498576
0.2307736
0.0826749
0.4010773
0.3163879
0.2658023
0.1356147
0.2285540
0.1752691
0.2577360
0.1313611
0.2616980
0.2915791
0.3259499
0.3325978
0.3004659
0.2887599
0.3368529
0.2690255
0.3699020
0.3495717
0.2064074
0.2610461
0.2839008
0.3686922
0.1782708
0.1779999
0.3747591
0.4028787
0.3756579
0.2335461
0.1627920
0.2626584
0.2836496
0.1599705
0.2413866
0.2821040
0.2539275
0.1795407
0.3859555
0.1848858
0.2152770
0.2367036
0.2307645
0.3893920
0.2363899
1.0000000
0.3050499
0.2937233
0.1160047
0.3135448
0.3330598
0.2969676
0.1350181
0.2603364
0.2521012
0.1698392
0.0720579
0.2966238
0.3647311
0.3578297
0.3666637
0.2097884
0.3552570
0.3369264
0.2461627
0.3199545
0.1155010
0.3512348
0.4035923
0.3464626
0.1181532
0.2862746
0.2552182
0.3449789
0.1989770
0.0858943
0.3147423
0.1254390
0.1558362
0.2221659
0.1050854
0.1890972
0.2939394
0.1634363
0.3253962
0.2744902
0.2287384
0.0863148
0.1661398
0.2707596
0.3337835
0.2045178
0.2839211
0.1278970
0.3245993
0.3030237
0.2313589
0.2882053
0.2335955
0.3086966
0.2429177
0.2597377
0.2238384
0.2555371
0.3345175
0.1839023
0.2166419
0.2708414
0.2458993
0.3423491
0.1841334
0.2570511
0.2292255
0.3604369
0.0872271
0.2657354
0.1031345
0.2729488
0.3247390
0.2278574
0.3530334
0.3264902
0.3352134
0.3635335
0.2891706
0.3427486
0.2659290
0.1796293
0.3165055
0.2547340
0.2804646
0.2314258
0.1572442
0.1742955
0.1331898
0.3270830
0.2767468
0.1926481
0.2950856
0.2769754
0.3617248
0.3591309
0.2878129
0.2203668
0.1363547
0.2570120
0.2477338
0.3413727
0.2558195
0.3476767
0.3444480
0.2796021
0.2725827
0.3707042
0.3793425
0.3149886
0.3285261
0.1369619
0.3534658
0.1422026
0.2497357
0.1936260
0.3919648
0.3396208
0.2434794
0.1975726
0.2595266
0.1420798
0.1660861
0.3078970
0.2551556
0.3041949
0.2448655
0.3121309
0.3314187
0.2993149
0.2172904
0.2133605
0.2075343
0.1047698
0.2585520
0.2669754
0.3730962
0.3260382
0.3627746
0.3384678
0.2877866
0.3943570
0.2739570
0.2764862
0.3673916
0.2656904
0.1445543
0.3612269
0.2356473
0.3043458
0.2707938
0.1382661
0.2861574
0.3035611
0.3027572
0.2437625
0.2813440
0.2631255
0.2344612
0.3331246
0.2485519
0.3283354
0.2347208
0.3382227
0.3170042
0.2390465
0.3007380
0.1995929
0.3415629
0.2673515
0.2573881
0.3085260
0.3533704
0.2892204
0.3097188
0.2462121
0.2657975
0.1694203
0.3334028
0.2780843
0.3143237
0.2857807
0.1816322
0.0593267
0.3337146
0.3159585
0.1983988
0.2816036
0.3607626
0.4020920
0.2584355
0.1917996
0.2917858
0.2867724
0.3806035
0.2593041
0.3388041
0.2142455
0.3703875
0.3596101
0.3633997
0.3206333
0.3328218
0.3724589
0.2659077
0.3152164
0.3048291
0.1701106
0.1561800
0.2565372
0.2551960
0.2391635
0.2493263
0.2865400
0.3040402
0.1141276
0.3004572
0.3795461
0.3086829
0.3728337
0.1666551
0.2776695
0.2521111
0.3171260
0.2049204
0.2104424
0.2311048
0.1903306
0.1805017
0.1273834
0.2153022
0.1703964
0.2682065
0.1082790
0.3413765
0.3724485
0.2596999
0.3404025
0.2618782
0.2192615
0.3674383
0.2843097
0.2426637
0.2781503
0.2451061
0.1642904
0.1823348
0.2268111
0.3222594
0.2486568
0.2634389
0.1190506
0.2501084
0.1163314
0.1249004
0.1120473
0.2131593
0.1791500
0.2669306
0.0702239
0.1392893
0.2316222
0.2644492
0.1563601
0.1421836
0.1641852
0.2435861
0.1599176
0.1921062
0.2833458
0.1473742
0.1801386
0.2254416
0.1683679
0.0769323
0.1446361
0.2181342
0.1222927
0.1160214
0.1298144
0.2363734
0.0805895
0.2306643
0.2165439
0.1885289
0.1707045
0.1108354
0.2768993
0.1881227
0.1459816
0.1677391
0.2464409
0.1302794
0.2218682
0.2399967
0.1377268
0.1224993
0.1030418
0.1815474
0.2397525
0.1039734
0.1345145
0.2090209
0.2489382
0.1307489
0.3472061
0.2601190
0.3310237
0.3893179
0.1652476
0.1515457
0.1144643
0.2534394
0.1134492
0.2618940
0.2805924
0.2639966
0.2925714
0.2220947
0.3054336
0.2495650
0.2662315
0.3024277
0.3004392
0.3260053
0.3341852
0.2061916
0.1758608
0.3138630
0.2494977
0.3420460
0.3291754
0.3319729
0.3818768
0.0916565
0.3427476
0.3020520
0.2254571
0.2487121
0.3192869
0.3375315
0.2878194
0.2788244
0.2918568
0.3235402
0.3700004
0.0955690
0.2182100
0.3600375
0.3668304
0.2990312
0.2527851
0.1913315
0.2322251
0.2213830
0.2796822
0.2083376
0.2804584
0.3771445
0.1406139
0.1342786
0.2926029
0.1716860
0.2064096
0.2070332
0.3814990
0.2658564
0.2191004
0.1590544
0.3311598
0.1536644
0.0964000
0.2649519
0.2590897
0.3399802
0.2808156
0.2834267
0.1858521
0.2526526
0.4008948
0.3602581
0.2660926
0.2290200
0.2353034
0.3404484
0.3347361
0.2086838
0.2784699
0.2661579
0.3654637
0.3056274
0.2891675
0.2126155
0.2998145
0.2313963
0.2753312
0.2729949
0.3343852
0.2166750
0.2845647
0.2407430
0.2888465
0.2333382
0.3257403
0.1941829
0.3352083
0.2087018
0.2642253
0.3233178
0.3171131
0.2253294
0.2938476
0.1981328
0.2954463
0.1535931
0.3408880
0.2744432
0.2991085
0.2858268
0.1089370
0.2866440
0.2082363
0.3390789
0.2203385
0.2299177
0.3951596
0.2293627
0.3213834
0.3265789
0.3302873
0.3025136
0.2478651
0.2009099
0.2726209
0.1701914
0.1532097
0.2220485
0.2676938
0.1241853
0.3515902
0.3392774
0.1886613
0.3044498
0.1255825
0.2238524
0.2784028
0.3330756
0.2726566
0.2396374
0.2488700
0.2734004
0.3377693
0.1461818
0.2658385
0.2661883
0.1231537
0.2312105
0.2327712
0.2213542
0.0838217
0.3716382
0.3007141
0.3197380
0.1689632
0.2143455
0.1762385
0.2851938
0.1462406
0.2146615
0.2774519
0.3266281
0.3762395
0.2938007
0.2569007
0.3239434
0.2066334
0.3311905
0.2669762
0.2525675
0.2565838
0.2812281
0.3573594
0.1818582
0.2054667
0.3616706
0.3769230
0.3349184
0.2344824
0.2003166
0.2601682
0.2358418
0.1849895
0.2094376
0.2450653
0.2723720
0.1813624
0.3663744
0.1634464
0.2837429
0.2539047
0.2359584
0.3646865
0.2261434
1.0000000
0.3361557
0.1254392
0.3963884
0.3282470
0.3069371
0.1710080
0.2966711
0.2211520
0.1504852
0.0803643
0.3542371
0.4095052
0.4611598
0.4121515
0.2874087
0.3968309
0.3595995
0.2338794
0.3771597
0.1250981
0.3992804
0.4996088
0.3960364
0.1289872
0.2576753
0.3288490
0.4491917
0.2282344
0.1058630
0.3630878
0.1573514
0.1850009
0.3527726
0.1267056
0.1996241
0.3856618
0.1748902
0.3844002
0.3867435
0.3469548
0.1087026
0.1761381
0.4229449
0.3915309
0.2066004
0.3572653
0.1773506
0.3036492
0.3050860
0.2227887
0.2613370
0.3615118
0.3950158
0.2810098
0.4001485
0.2317374
0.2595519
0.3956227
0.3074410
0.2082320
0.3491124
0.2325414
0.3885578
0.1766462
0.3744848
0.2267907
0.5006909
0.1180398
0.2867053
0.1496389
0.2951136
0.4713354
0.1868647
0.4837252
0.4958970
0.4602652
0.4653110
0.3952257
0.4363390
0.2621397
0.1953340
0.3402707
0.3391957
0.2824953
0.2467820
0.1400048
0.1680295
0.1240249
0.3828450
0.2687986
0.1772877
0.3214039
0.3700018
0.4302211
0.4912699
0.2918071
0.3310091
0.2045641
0.3088318
0.2771351
0.4024803
0.2812075
0.4050230
0.4212290
0.3195805
0.3498773
0.4244982
0.4546671
0.3224119
0.3580906
0.1687251
0.4773386
0.1741520
0.2800093
0.2751568
0.4422422
0.4372783
0.2221557
0.2115187
0.2537808
0.1800032
0.2517119
0.4195092
0.3618274
0.3121058
0.3215164
0.3298122
0.2921873
0.3368954
0.2137374
0.3059515
0.2544063
0.1324308
0.3369058
0.4638952
0.4385926
0.4697952
0.3948767
0.3712403
0.3020950
0.4233118
0.3127294
0.2769199
0.4286454
0.2714960
0.1428788
0.4771824
0.2678581
0.3144161
0.2925488
0.1487237
0.3582934
0.2924075
0.3610332
0.2486578
0.3050726
0.2275189
0.2072198
0.3932257
0.2415001
0.3497558
0.2216835
0.3714964
0.3485002
0.2521577
0.2975736
0.3031408
0.3759409
0.2665123
0.2905962
0.3738936
0.4627335
0.3240015
0.3024191
0.2226406
0.2286872
0.2437699
0.3507928
0.2516321
0.3061789
0.2708027
0.1553806
0.0690157
0.3676337
0.3118368
0.1799914
0.3012615
0.4218751
0.4370568
0.2222184
0.1855721
0.3401177
0.3315795
0.4561616
0.3718844
0.3613050
0.2594455
0.3896950
0.4524207
0.3966713
0.3659874
0.3591713
0.3591979
0.3513133
0.3165419
0.3181482
0.1924475
0.2154974
0.2682393
0.2623144
0.1973754
0.2910701
0.3550863
0.3192533
0.1380841
0.3479271
0.5307219
0.3362342
0.4014522
0.2660114
0.3310092
0.3345654
0.4187578
0.2787218
0.2100404
0.2646224
0.1838610
0.2037246
0.1573061
0.2399721
0.1565963
0.2570264
0.1360405
0.3464761
0.3619140
0.2803069
0.3770401
0.2776513
0.2200529
0.4457894
0.2852731
0.2735447
0.2686733
0.2589464
0.1824459
0.2188591
0.1777185
0.3423868
0.3241393
0.3614574
0.1288183
0.2621510
0.1325708
0.1380267
0.1349860
0.2435076
0.2278305
0.2341023
0.0817090
0.1640685
0.2832383
0.2886550
0.1917401
0.1498293
0.1958377
0.2448634
0.1941548
0.2469861
0.2920092
0.1848351
0.2032537
0.2269530
0.2169803
0.0901374
0.1842061
0.2365223
0.1547962
0.1347974
0.1708121
0.2283132
0.0940230
0.2785108
0.2349371
0.1956918
0.2385896
0.1358490
0.3591331
0.2567201
0.1522279
0.1757879
0.2407031
0.1564207
0.3633759
0.2680411
0.1818241
0.1521513
0.1387794
0.1927240
0.3098611
0.1337049
0.1851105
0.2891175
0.2594574
0.1653125
0.3664872
0.2645901
0.3997823
0.4672912
0.1533287
0.1789588
0.1340488
0.2763324
0.1243224
0.3004515
0.3123058
0.2595504
0.3343746
0.2380583
0.3941503
0.2536381
0.3341058
0.4201488
0.4669927
0.4311076
0.3088000
0.2167627
0.1707386
0.3811613
0.3291931
0.4293940
0.4699954
0.4075148
0.4391636
0.0957157
0.3710887
0.4247370
0.2039029
0.2823744
0.3269981
0.4926075
0.2931562
0.3405270
0.3012489
0.4854010
0.4124076
0.0987865
0.2601960
0.4206207
0.3593855
0.2751558
0.2584506
0.1447709
0.2082284
0.2409011
0.2968535
0.2165709
0.2665244
0.4433722
0.1571707
0.1475238
0.3227568
0.1680550
0.1944603
0.2191259
0.4160719
0.4141476
0.2545236
0.2278918
0.3818224
0.1626824
0.1268412
0.3459211
0.3398706
0.3986491
0.3508264
0.2877117
0.2175081
0.2381060
0.4569340
0.4176800
0.2789428
0.2726405
0.2302161
0.4453313
0.4071582
0.2550970
0.3258993
0.3099177
0.4464075
0.3306974
0.3143054
0.2335862
0.3562067
0.3197551
0.3443230
0.4261138
0.4638649
0.2141451
0.3390363
0.4129073
0.2763599
0.2634998
0.5044284
0.3044134
0.3684143
0.2844623
0.2724834
0.4625549
0.3965960
0.3845862
0.2928501
0.2313355
0.3109459
0.1989842
0.3959977
0.2889880
0.3081998
0.2723746
0.1373504
0.2647980
0.1892769
0.4177557
0.2621364
0.2559039
0.4234908
0.2185923
0.3002852
0.3624056
0.3059213
0.3377297
0.2640272
0.2314894
0.3213811
0.1871130
0.1813394
0.2123236
0.2867370
0.1404835
0.4649632
0.3571604
0.1875206
0.4078826
0.1400839
0.3061366
0.2886482
0.5009024
0.2952964
0.2847316
0.2428001
0.3496297
0.3945037
0.1258221
0.2788638
0.2965095
0.1431509
0.2416631
0.2306696
0.2395250
0.0950628
0.4131265
0.3000546
0.3682036
0.2575907
0.1878519
0.2529462
0.3732673
0.1652137
0.2440150
0.3723895
0.4391791
0.3972207
0.2759859
0.2491936
0.2887532
0.2049309
0.3393882
0.3104031
0.3396471
0.2953852
0.2694387
0.4152200
0.2197659
0.2494325
0.4098896
0.3665729
0.3271349
0.2438964
0.3042193
0.2638678
0.2355940
0.2400778
0.2634463
0.2654947
0.4097997
0.2692097
0.4151893
0.1438503
0.3984112
0.2839355
0.2298127
0.4217815
0.2167067
1.0000000
0.1393142
0.3437346
0.4502997
0.2850890
0.1924967
0.2784024
0.2951812
0.1626781
0.0604404
0.3495556
0.4622032
0.4060164
0.4643063
0.2261125
0.4490233
0.4005509
0.2902751
0.3513705
0.1453588
0.3786025
0.5623790
0.4438351
0.2104691
0.3221278
0.4431355
0.5402272
0.2575476
0.1042465
0.3479118
0.1665242
0.1677844
0.3297538
0.1424584
0.2224977
0.3479043
0.1998698
0.4207323
0.3926208
0.2675771
0.0982044
0.1577734
0.3032316
0.4964848
0.2273783
0.3299072
0.1234507
0.3641554
0.3412536
0.3054464
0.2821365
0.3238938
0.4009806
0.2816562
0.3176587
0.2705470
0.3242461
0.3911491
0.2499194
0.2746151
0.3984686
0.2661558
0.4395603
0.2076913
0.3338039
0.2664393
0.4345899
0.1223993
0.3050255
0.1748351
0.2735961
0.3806014
0.2202332
0.4709120
0.3945183
0.4853945
0.5044980
0.2834051
0.4530681
0.2633192
0.1892722
0.3645430
0.2600104
0.3064379
0.2790491
0.1865205
0.1923050
0.1438539
0.4442936
0.2987503
0.2159236
0.3012846
0.4683891
0.5331213
0.4519458
0.3516673
0.2562831
0.2208821
0.2859706
0.2819068
0.3992458
0.2791444
0.4581544
0.5159984
0.3424561
0.3154692
0.4830566
0.5359577
0.4301736
0.3959987
0.1623831
0.4707542
0.1724901
0.3644652
0.3059339
0.5324651
0.5004432
0.3104781
0.2216766
0.2987906
0.1836471
0.1944570
0.3588322
0.4230609
0.3777339
0.2976690
0.4123709
0.3946086
0.3525207
0.2407530
0.3417365
0.2606430
0.1375769
0.3965154
0.3977579
0.4330514
0.4020218
0.4068778
0.3928875
0.3382081
0.5202393
0.4055472
0.3964377
0.4439642
0.2839946
0.1787712
0.4812685
0.3429221
0.3761350
0.2923699
0.1564974
0.3632864
0.3590068
0.3330750
0.3064116
0.3478118
0.2984725
0.2271113
0.3863321
0.3138829
0.3915386
0.2767503
0.3690112
0.4031198
0.3438881
0.3086304
0.2310900
0.3598625
0.3456105
0.2937614
0.3820249
0.4552865
0.3922111
0.3882951
0.3085679
0.3267002
0.2465470
0.3996795
0.3020965
0.4234520
0.2994630
0.2075706
0.0838033
0.4240692
0.3707466
0.2177865
0.3446035
0.3936385
0.4903333
0.2597798
0.2104793
0.3390101
0.3249471
0.4820560
0.2471171
0.3494504
0.2721475
0.4605115
0.5060457
0.3988934
0.4571899
0.3613958
0.3888497
0.3573232
0.4120820
0.3637524
0.2409476
0.2238341
0.2943964
0.2677925
0.2202472
0.2618483
0.3174417
0.2921400
0.1464183
0.3574555
0.5528312
0.4151386
0.4981175
0.2456875
0.3645335
0.4260790
0.4368591
0.2504351
0.2291967
0.2090007
0.2185880
0.2068223
0.1800460
0.2963014
0.2332706
0.2455853
0.1844016
0.3588081
0.4524985
0.3184780
0.3954954
0.2525380
0.3155509
0.4838732
0.4200287
0.3541341
0.3915877
0.3306632
0.2302613
0.2030027
0.2189955
0.3446596
0.3072126
0.3701551
0.1695047
0.2669613
0.1671027
0.1630803
0.1594614
0.3039769
0.2934871
0.3212645
0.1031475
0.2066964
0.4130571
0.3279278
0.1604796
0.2379012
0.2133434
0.3352573
0.2596244
0.2481589
0.3218167
0.1783168
0.2361971
0.3117531
0.2265010
0.0940539
0.2336154
0.2655141
0.1532731
0.1378604
0.1982489
0.2764772
0.0926710
0.3265884
0.2769155
0.2341433
0.2460887
0.1645047
0.3424800
0.2423548
0.2250476
0.1708663
0.2535811
0.1593816
0.3066393
0.2902135
0.1972126
0.1524839
0.1632434
0.2099803
0.3551805
0.1658587
0.1860136
0.3321439
0.3505986
0.1708723
0.4571456
0.2992808
0.4274734
0.5066357
0.2229033
0.2080882
0.1566062
0.3439245
0.1402758
0.3167177
0.3947644
0.2844568
0.3815032
0.3206094
0.3800346
0.3974593
0.2884091
0.3241505
0.3852155
0.3806495
0.3812726
0.3100703
0.2036784
0.3835348
0.3595455
0.4584198
0.4637493
0.4218217
0.5891500
0.1025660
0.4654017
0.4624764
0.3015772
0.3029616
0.3358709
0.4051403
0.3921390
0.4763276
0.3313054
0.5068911
0.4066739
0.1922815
0.3138321
0.4704194
0.3970492
0.2789588
0.2959113
0.1908878
0.2620100
0.2617044
0.3011829
0.2218419
0.3335334
0.4963747
0.1777670
0.1704179
0.3410555
0.2824414
0.2012513
0.2708954
0.4362312
0.3708964
0.2850329
0.1770200
0.3848302
0.1975812
0.1953992
0.3189566
0.4269812
0.4715682
0.3823590
0.3077563
0.1963014
0.3344059
0.5527053
0.5485431
0.3403768
0.3158827
0.3047090
0.5283791
0.5053655
0.3515405
0.3971120
0.3287559
0.4411398
0.3777797
0.3671496
0.2516076
0.4251678
0.2540660
0.3824502
0.4312688
0.3633372
0.2758225
0.4529357
0.3245160
0.3644323
0.3514717
0.5178083
0.2498357
0.4469525
0.3049491
0.3162628
0.4682414
0.4231032
0.3427836
0.3564324
0.3414559
0.3496697
0.2778881
0.3778722
0.4121768
0.4344048
0.3839012
0.1744512
0.3432599
0.2748826
0.4324292
0.2374868
0.3291749
0.5297668
0.2739407
0.3203470
0.3961676
0.3630929
0.2980919
0.2790299
0.2257134
0.3610645
0.1894644
0.1846875
0.2650513
0.3068452
0.1437640
0.4361737
0.4090520
0.1983366
0.3792381
0.1886700
0.2554607
0.2628117
0.4127764
0.3356112
0.2528343
0.3389210
0.4071928
0.4187567
0.1756307
0.3128855
0.3789187
0.1769755
0.2960362
0.2936649
0.2919065
0.1112113
0.5745980
0.3896630
0.3643134
0.2013842
0.2446474
0.3116741
0.3510782
0.1836744
0.3068308
0.3883236
0.3682191
0.4334916
0.3602034
0.2769645
0.3517018
0.2856929
0.3734426
0.4572280
0.2952780
0.3377174
0.3602579
0.4198700
0.2684143
0.2400723
0.4848357
0.3958474
0.3666438
0.2712581
0.2129507
0.2947900
0.3287222
0.1969729
0.2967613
0.3789907
0.3847341
0.2325308
0.5170190
0.2156417
0.3501851
0.2792233
0.2651747
0.4634364
0.2576349
1.0000000
0.1293384
0.1462311
0.1236069
0.0895709
0.1112640
0.1091305
0.0707629
0.0430870
0.1175034
0.1505996
0.1304996
0.1530549
0.0878236
0.1503693
0.1654550
0.1095694
0.1189518
0.0793744
0.1429251
0.1795288
0.1524498
0.0831741
0.1179788
0.1245881
0.1603012
0.1031078
0.0612780
0.1326109
0.0871409
0.0983039
0.1022212
0.0721038
0.0992976
0.1331721
0.0962231
0.1467338
0.1193645
0.1270825
0.0652373
0.0884064
0.1218806
0.1507362
0.0936915
0.1291700
0.0731628
0.1354101
0.1263421
0.1067142
0.1184739
0.1033732
0.1572214
0.1204461
0.1277107
0.1144904
0.1301586
0.1412191
0.0976854
0.1093345
0.1361973
0.1019238
0.1566769
0.0925591
0.1356703
0.1106743
0.1521307
0.0621048
0.1312585
0.0770082
0.0977219
0.1521212
0.0917170
0.1529695
0.1503971
0.1428932
0.1559186
0.1255596
0.1464237
0.1065448
0.0871797
0.1305203
0.0980467
0.1081407
0.1088263
0.0713685
0.0881745
0.0803192
0.1477388
0.1161531
0.1006355
0.1265100
0.1614691
0.1507257
0.1484875
0.1110508
0.1184050
0.0671226
0.1059166
0.1140144
0.1443138
0.1041910
0.1494004
0.1561150
0.1206139
0.1143589
0.1440618
0.1692290
0.1232214
0.1289069
0.0911876
0.1638168
0.0898676
0.1104670
0.1132097
0.1769229
0.1410941
0.1240138
0.0992459
0.1199135
0.0835476
0.0938773
0.1571243
0.1269718
0.1237515
0.1260691
0.1462400
0.1370643
0.1150864
0.1018128
0.1192208
0.1014801
0.0575553
0.1218096
0.1515250
0.1392428
0.1535172
0.1464259
0.1222151
0.1134749
0.1770949
0.1423645
0.1330170
0.1468969
0.1063300
0.0901061
0.1633039
0.1205978
0.1270238
0.1150576
0.0673980
0.1416284
0.1350912
0.1340696
0.1196910
0.1238016
0.1098360
0.0977942
0.1350366
0.1336843
0.1444292
0.0923099
0.1283746
0.1436880
0.1223981
0.1368139
0.1022658
0.1343853
0.1242688
0.1250268
0.1378921
0.1503529
0.1336359
0.1376989
0.1099637
0.1152253
0.1053480
0.1381938
0.1256062
0.1475827
0.1145358
0.0795322
0.0465278
0.1419008
0.1465366
0.0859655
0.1336130
0.1625676
0.1709050
0.1057019
0.0852072
0.1358965
0.1332883
0.1647470
0.0937207
0.1286442
0.1074401
0.1497126
0.1686146
0.1451147
0.1666726
0.1156350
0.1543221
0.1461518
0.1534581
0.1201091
0.1024076
0.0984153
0.0995537
0.0997552
0.0993600
0.1157907
0.1184923
0.1149824
0.0900711
0.1195929
0.1699305
0.1523591
0.1585187
0.1066865
0.1284744
0.1319407
0.1348698
0.1175844
0.1097409
0.0872805
0.0865098
0.0851117
0.0911654
0.1111360
0.0896082
0.1084344
0.0843403
0.1391041
0.1649633
0.1216660
0.1432908
0.1153693
0.1109275
0.1630608
0.1427152
0.1379573
0.1318856
0.1334449
0.1029208
0.0930623
0.0824077
0.1234537
0.1311800
0.1250778
0.0952805
0.1008052
0.0807101
0.0847407
0.0876451
0.1143986
0.1115214
0.1150719
0.0514465
0.0971317
0.1317157
0.1257663
0.0924494
0.0925115
0.1019342
0.1209341
0.0991747
0.1110175
0.1288459
0.0953694
0.0949185
0.1216631
0.1005179
0.0535920
0.0997076
0.1027176
0.0744277
0.0777713
0.1025860
0.1074690
0.0564928
0.1132794
0.1103758
0.0898013
0.0988170
0.0808797
0.1410853
0.1086514
0.1004963
0.0908574
0.1224143
0.0882298
0.1186580
0.1224193
0.0879795
0.0907752
0.0894855
0.0950939
0.1210244
0.0815113
0.0979772
0.1200271
0.1274069
0.0885510
0.1557815
0.1208460
0.1535720
0.1615170
0.0881651
0.0917676
0.0878647
0.1357029
0.0739926
0.1161542
0.1407199
0.1162264
0.1376974
0.1141899
0.1384585
0.1424454
0.1199992
0.1119041
0.1425616
0.1224452
0.1470095
0.1198864
0.0838210
0.1554057
0.1257327
0.1466887
0.1647304
0.1441346
0.1659485
0.0548143
0.1607538
0.1435359
0.1124118
0.1274303
0.1352433
0.1651301
0.1359586
0.1326368
0.1163357
0.1405211
0.1581460
0.0710584
0.1239295
0.1584014
0.1506261
0.0988173
0.1152317
0.0742046
0.0988584
0.1043024
0.1013915
0.0926312
0.1295841
0.1622690
0.0803138
0.0778330
0.1082243
0.0921334
0.0927826
0.1104839
0.1672288
0.1256667
0.1151406
0.0740057
0.1485638
0.0846864
0.0763481
0.1132516
0.1203489
0.1651130
0.1520672
0.1147229
0.0964510
0.1081790
0.1737229
0.1558039
0.1303239
0.1175263
0.1027228
0.1520695
0.1500614
0.1136252
0.1524724
0.1331344
0.1616133
0.1514515
0.1234422
0.0991661
0.1527749
0.1200203
0.1141984
0.1473283
0.1261549
0.0934954
0.1213000
0.1141896
0.1278008
0.1192857
0.1586541
0.1038255
0.1551490
0.0980034
0.1098044
0.1309305
0.1489255
0.1307222
0.1224898
0.1076983
0.1218379
0.0998317
0.1376401
0.1424077
0.1320333
0.1188558
0.0824761
0.1243410
0.1143444
0.1439672
0.1130461
0.1184092
0.1668048
0.1068989
0.1180825
0.1376373
0.1426798
0.1205850
0.1146770
0.0865926
0.1099554
0.0844176
0.0879721
0.1112326
0.1205248
0.0816038
0.1476511
0.1483206
0.0803626
0.1280991
0.0777755
0.0963059
0.1207971
0.1558237
0.1338098
0.1020298
0.1240444
0.1368967
0.1279549
0.0840044
0.1168311
0.1365739
0.0807337
0.1193783
0.1060874
0.1185583
0.0637418
0.1513949
0.1290444
0.1187016
0.0868796
0.0933189
0.1082068
0.1446866
0.0914125
0.1028468
0.1199919
0.1510140
0.1419472
0.1294295
0.1095114
0.1444499
0.1089467
0.1264879
0.1434269
0.1062773
0.1358341
0.1497384
0.1588321
0.1044464
0.0961454
0.1597050
0.1604341
0.1408123
0.1121780
0.1008426
0.1195298
0.1246187
0.0748227
0.0988416
0.1396020
0.1326348
0.1121785
0.1688369
0.0880617
0.1264631
0.1053929
0.1003695
0.1640139
0.1055972
1.0000000
0.3212040
0.3192061
0.1729765
0.2973298
0.2374948
0.1724682
0.0967980
0.3448459
0.3778750
0.4170823
0.3836655
0.2704909
0.3598418
0.3808080
0.2378017
0.3471207
0.1407184
0.3586875
0.4647672
0.3614773
0.1496260
0.2765135
0.3193695
0.4334774
0.2506782
0.1035652
0.3329761
0.1525627
0.1930873
0.2815102
0.1384417
0.2037487
0.3482267
0.1961805
0.3851121
0.3459679
0.3457694
0.1084336
0.1896956
0.3713889
0.3663419
0.2114512
0.3291028
0.1998958
0.3067720
0.3178216
0.2200192
0.3126603
0.3255955
0.4365970
0.2921032
0.3654187
0.2591540
0.2806978
0.3883683
0.2852257
0.2256351
0.3397201
0.2355450
0.3815432
0.1868400
0.3456346
0.2563193
0.4453541
0.1308086
0.3405907
0.1461187
0.2883494
0.4293188
0.2119346
0.4555567
0.4444645
0.4280282
0.4108765
0.3935549
0.4162906
0.2650628
0.2430782
0.3038029
0.3296466
0.2841148
0.2655110
0.1628957
0.1887401
0.1506487
0.3962479
0.2907281
0.2008262
0.3068807
0.3646074
0.4033106
0.4413363
0.3017462
0.2676388
0.1424309
0.2557715
0.2703593
0.3893768
0.2677591
0.3635449
0.4132285
0.2990199
0.2879469
0.3933575
0.4640486
0.2950298
0.3158762
0.1939292
0.4636339
0.1848859
0.2916048
0.2294496
0.4230404
0.3934117
0.2599787
0.2109565
0.2679706
0.2119501
0.2571841
0.4638505
0.3332477
0.3134694
0.2975220
0.3149570
0.3425664
0.3114572
0.2172875
0.2735255
0.2639515
0.1199841
0.3388161
0.4006173
0.4113332
0.4319656
0.3829758
0.3411024
0.2958632
0.4394863
0.3342130
0.3063451
0.3657855
0.2830863
0.1975847
0.4867156
0.2850986
0.3123800
0.2874960
0.1641406
0.4061847
0.3243941
0.3459837
0.2736903
0.3106268
0.2474362
0.2550549
0.3663978
0.2747702
0.3607121
0.2134145
0.3399983
0.3255415
0.2794139
0.3237759
0.2862199
0.3735670
0.2779105
0.2683770
0.3610287
0.4123736
0.3268514
0.3349530
0.2420164
0.2787891
0.2112388
0.3173414
0.3025378
0.3320571
0.2908715
0.1845139
0.0664982
0.3183453
0.3281280
0.2139597
0.3122069
0.4244440
0.4597401
0.2439830
0.1933055
0.3499095
0.3653282
0.4198338
0.3402620
0.3474779
0.2523808
0.4030035
0.4522439
0.3632926
0.4042963
0.3458944
0.4093647
0.3738656
0.3612850
0.2983752
0.2212942
0.2111810
0.2691448
0.2735319
0.2512113
0.3154227
0.3298745
0.3184100
0.1800511
0.3224662
0.4806723
0.3651774
0.3968124
0.2413579
0.3407399
0.3006562
0.3869655
0.2849920
0.2385669
0.2381190
0.1938847
0.2078693
0.1936161
0.2552217
0.1807767
0.2701452
0.1317451
0.3855688
0.4175905
0.2973638
0.3475729
0.2788755
0.2427663
0.4007200
0.3356881
0.2957553
0.3282758
0.2992227
0.2034312
0.2163859
0.2121871
0.3367643
0.2694507
0.3385653
0.1660776
0.2675436
0.1358680
0.1514262
0.1407583
0.2529579
0.2231134
0.2608739
0.0848019
0.1761194
0.2909885
0.3071211
0.2062256
0.1674812
0.2099630
0.2638670
0.2001751
0.2546384
0.3207168
0.2069406
0.2170710
0.2505568
0.2163272
0.0964657
0.2103359
0.2381430
0.1466447
0.1363758
0.1951754
0.2399531
0.1047320
0.2895375
0.2375051
0.2023870
0.2106750
0.1582749
0.3345358
0.2383430
0.1726405
0.1984001
0.2820695
0.1841352
0.3133701
0.3045474
0.1673788
0.1627531
0.1467928
0.2036976
0.3036399
0.1332716
0.1873575
0.2962929
0.3058611
0.1718013
0.3713906
0.2746683
0.3854464
0.4335623
0.1679942
0.2004984
0.1588906
0.2957743
0.1317720
0.3029673
0.3231948
0.2832153
0.3426767
0.2537677
0.3578903
0.2935925
0.3106235
0.3799848
0.4193570
0.3820097
0.3722728
0.2786486
0.2003930
0.3613140
0.2938847
0.4185942
0.4627508
0.3934079
0.3940999
0.1056595
0.3704001
0.3740392
0.2538571
0.3153013
0.3680241
0.4771312
0.3301653
0.3243713
0.2787823
0.4284243
0.3857023
0.1102791
0.2930737
0.4068925
0.3970494
0.2655555
0.2578867
0.1722998
0.2369711
0.2412773
0.2946105
0.2049402
0.3116177
0.4445691
0.1842673
0.1698753
0.3044905
0.1922803
0.2222121
0.2313953
0.4316689
0.3673724
0.2817521
0.2369709
0.4071586
0.1834894
0.1429697
0.3379619
0.3439973
0.3840754
0.3605920
0.2754798
0.2317071
0.2530504
0.4813635
0.3800677
0.2997198
0.2319588
0.2338435
0.3985393
0.3646107
0.2574886
0.3228367
0.3243672
0.4208781
0.3520564
0.3097162
0.2397693
0.3758112
0.3562302
0.3156017
0.3976049
0.4185021
0.2232170
0.3486202
0.3287954
0.3271823
0.2752270
0.4559574
0.2788142
0.3792455
0.2420045
0.2895391
0.4088087
0.4011676
0.3428174
0.3153244
0.2443750
0.3376704
0.1877059
0.3449677
0.3186812
0.3455323
0.2984824
0.1353379
0.2802011
0.2242342
0.3989569
0.2609589
0.2638172
0.4341391
0.2383766
0.3002474
0.3698344
0.3293024
0.3344164
0.2914599
0.2418695
0.2882317
0.1868539
0.2100053
0.2413820
0.3030850
0.1579819
0.4201401
0.3770953
0.1941524
0.3767618
0.1467762
0.3010555
0.3050523
0.4585413
0.3217928
0.2888371
0.2626335
0.3489163
0.3735937
0.1898669
0.2754955
0.2867641
0.1634781
0.2505096
0.2482164
0.2467253
0.1026100
0.3904967
0.3236070
0.3704952
0.2428513
0.2238657
0.2504205
0.3794377
0.1649098
0.2165213
0.3390923
0.4259976
0.3886459
0.3201877
0.2687212
0.3593853
0.2349689
0.3077996
0.3045615
0.3235642
0.3197245
0.3116695
0.4362921
0.2193810
0.2596537
0.3973701
0.4177683
0.3200076
0.2718556
0.2804514
0.2885745
0.2750239
0.2338129
0.2480349
0.3195492
0.3842097
0.2527044
0.4630283
0.1797068
0.3406100
0.2851059
0.2581373
0.3959936
0.2485739
1.0000000
0.3044739
0.1514516
0.2902675
0.3484494
0.2129094
0.0604863
0.3251191
0.5019325
0.4101571
0.5073735
0.1933849
0.5553697
0.4380764
0.3218956
0.4104757
0.1418273
0.4566185
0.5640227
0.4682098
0.1703910
0.3651947
0.3784608
0.4760286
0.2307363
0.0973352
0.4353825
0.1445126
0.1566007
0.2649151
0.1289805
0.2326529
0.3625222
0.2326229
0.4197854
0.3446693
0.2420444
0.0941918
0.1820354
0.2654249
0.4859587
0.2386745
0.3780421
0.1188446
0.4555576
0.3659827
0.3389603
0.3554793
0.2706347
0.3834621
0.2873393
0.2994936
0.2688332
0.3274377
0.3673172
0.2165327
0.2808142
0.3350429
0.3171757
0.4439830
0.2210323
0.3086212
0.2677005
0.4540579
0.0996919
0.2841846
0.1299704
0.3506246
0.3943063
0.2801760
0.4501808
0.3738616
0.4464319
0.5370167
0.2630744
0.4170656
0.3319383
0.1865316
0.4955495
0.2444210
0.3410678
0.2735707
0.1890301
0.1985455
0.1613435
0.4028349
0.3035295
0.2660594
0.3528568
0.4194815
0.5091074
0.4527593
0.3829699
0.2612472
0.1911163
0.3261257
0.2922414
0.4266108
0.3214731
0.4869377
0.5026039
0.3570790
0.3911997
0.5168482
0.5366715
